636A Beihai             China               1976 21290N 109050E 0000 3 00000R MM
636A Beih  197601011 3690 3080 2470 1940 1440 1000  720  650  790 1020 1250 1430
636A Beih  197601012 1590 1730 1930 2250 2640 3110 3660 4210 4660 4880 4880 4650
636A Beih  197601021 4200 3590 2980 2430 1890 1390  920  690  630  770 1040 1240
636A Beih  197601022 1420 1590 1720 1950 2280 2680 3170 3700 4220 4650 4840 4810
636A Beih  197601031 4540 4050 3480 2880 2330 1800 1300  900  710  710  930 1190
636A Beih  197601032 1350 1480 1580 1750 2000 2260 2670 3140 3660 4160 4560 4720
636A Beih  197601041 4630 4290 3790 3230 2660 2150 1660 1240  960  870  950 1130
636A Beih  197601042 1340 1510 1620 1710 1830 2030 2340 2700 3160 3650 4090 4390
636A Beih  197601051 4480 4310 3940 3430 2880 2320 1820 1400 1030  840  790  930
636A Beih  197601052 1120 1340 1510 1590 1670 1750 1880 2130 2500 2900 3330 3650
636A Beih  197601061 3900 3990 3850 3530 3030 2490 2000 1600 1330 1190 1190 1320
636A Beih  197601062 1540 1770 1940 2070 2130 2140 2220 2330 2550 2910 3260 3610
636A Beih  197601071 3890 4020 3980 3750 3360 2890 2380 1940 1630 1460 1430 1520
636A Beih  197601072 1710 1920 2130 2300 2350 2320 2270 2240 2330 2510 2720 2990
636A Beih  197601081 3260 3480 3550 3430 3160 2790 2370 1980 1680 1480 1460 1550
636A Beih  197601082 1770 2080 2360 2550 2660 2680 2620 2550 2490 2500 2580 2750
636A Beih  197601091 2950 3130 3240 3190 3000 2710 2400 2060 1790 1620 1590 1650
636A Beih  197601092 1830 2120 2390 2650 2800 2810 2720 2650 2580 2440 2360 2340
636A Beih  197601101 2380 2490 2600 2620 2540 2380 2140 1870 1670 1550 1520 1600
636A Beih  197601102 1820 2070 2370 2660 2870 2970 3000 2960 2850 2650 2410 2190
636A Beih  197601111 2110 2110 2170 2210 2240 2210 2130 2000 1950 1920 1920 2020
636A Beih  197601112 2210 2460 2750 3050 3330 3530 3640 3620 3460 3170 2850 2500
636A Beih  197601121 2230 2040 1940 1890 1870 1870 1840 1840 1870 1900 1950 2100
636A Beih  197601122 2310 2570 2880 3210 3540 3810 3940 3970 3840 3570 3180 2740
636A Beih  197601131 2340 2010 1750 1550 1440 1390 1380 1430 1530 1630 1720 1860
636A Beih  197601132 2070 2340 2650 3030 3430 3810 4090 4220 4180 3960 3580 3140
636A Beih  197601141 2660 2250 1890 1590 1350 1190 1130 1170 1250 1370 1510 1660
636A Beih  197601142 1840 2070 2390 2760 3180 3620 4000 4250 4340 4210 3910 3470
636A Beih  197601151 2970 2520 2090 1680 1330 1080  960  970 1090 1280 1460 1600
636A Beih  197601152 1750 1950 2230 2570 3010 3470 3960 4320 4540 4560 4400 4040
636A Beih  197601161 3530 2950 2420 1960 1540 1170  950  900  970 1160 1360 1530
636A Beih  197601162 1680 1820 2030 2350 2720 3190 3720 4180 4550 4700 4640 4380
636A Beih  197601171 3910 3360 2800 2260 1790 1350  980  810  820  970 1170 1350
636A Beih  197601172 1520 1650 1800 2030 2340 2740 3210 3700 4200 4560 4700 4600
636A Beih  197601181 4260 3770 3200 2630 2100 1600 1160  870  810  910 1120 1330
636A Beih  197601182 1510 1620 1680 1800 2050 2380 2770 3240 3760 4240 4570 4680
636A Beih  197601191 4570 4220 3680 3070 2480 1950 1490 1150  990 1020 1210 1450
636A Beih  197601192 1650 1790 1850 1870 1950 2130 2430 2810 3290 3790 4230 4530
636A Beih  197601201 4610 4460 4060 3520 2940 2400 1910 1520 1280 1220 1340 1560
636A Beih  197601202 1780 1930 2000 1950 1910 1940 2070 2310 2650 3070 3510 3910
636A Beih  197601211 4180 4210 4020 3630 3130 2580 2060 1640 1390 1310 1460 1680
636A Beih  197601212 1960 2160 2270 2280 2180 2050 2000 2050 2210 2480 2860 3270
636A Beih  197601221 3620 3850 3850 3610 3250 2770 2260 1810 1520 1420 1540 1820
636A Beih  197601222 2140 2350 2490 2470 2380 2270 2090 1890 1830 1910 2110 2490
636A Beih  197601231 2790 3080 3250 3230 3070 2760 2400 2060 1750 1640 1780 2060
636A Beih  197601232 2430 2790 3050 3180 3150 3000 2790 2520 2230 2030 1990 2130
636A Beih  197601241 2430 2710 2880 2980 2940 2770 2550 2310 2090 1980 2050 2310
636A Beih  197601242 2680 3060 3420 3690 3790 3720 3530 3220 2810 2380 2060 1890
636A Beih  197601251 1850 1980 2140 2260 2330 2370 2300 2210 2110 2050 2140 2370
636A Beih  197601252 2690 3130 3550 3920 4170 4220 4090 3810 3410 2910 2410 1990
636A Beih  197601261 1680 1500 1410 1390 1420 1490 1580 1690 1730 1760 1830 2030
636A Beih  197601262 2330 2630 3060 3540 3990 4290 4400 4320 4080 3650 3120 2640
636A Beih  197601271 2160 1790 1470 1230 1080 1050 1070 1180 1380 1510 1610 1750
636A Beih  197601272 2000 2340 2720 3190 3670 4120 4430 4540 4460 4210 3800 3290
636A Beih  197601281 2770 2240 1810 1460 1170 1040 1010 1130 1300 1510 1690 1830
636A Beih  197601282 2000 2280 2620 3060 3560 4070 4500 4720 4770 4640 4280 3800
636A Beih  197601291 3240 2730 2280 1810 1390 1070  900  870  990 1160 1400 1450
636A Beih  197601292 1540 1650 1910 2200 2580 3040 3490 3870 4190 4220 4070 3770
636A Beih  197601301 3250 2740 2240 1740 1260  900  640  500  550  720  940 1130
636A Beih  197601302 1340 1500 1660 2030 2440 2890 3390 3890 4300 4530 4530 4330
636A Beih  197601311 3990 3530 2980 2450 1980 1600 1280 1100 1090 1200 1360 1470
636A Beih  197601312 1600 1710 1830 2000 2240 2550 2960 3440 3920 4240 4390 4350
636A Beih  197602011 4100 3660 3130 2610 2110 1690 1320 1110 1040 1130 1300 1480
636A Beih  197602012 1610 1730 1800 1880 2060 2340 2660 3090 3540 3970 4280 4380
636A Beih  197602021 4280 3980 3510 3010 2530 2080 1700 1390 1250 1270 1410 1620
636A Beih  197602022 1760 1850 1880 1880 1920 2050 2290 2600 3020 3460 3860 4140
636A Beih  197602031 4230 4120 3790 3330 2840 2380 1990 1700 1530 1520 1660 1820
636A Beih  197602032 2020 2090 2100 2050 1990 1980 2070 2270 2610 2970 3350 3670
636A Beih  197602041 3880 3860 3640 3300 2880 2420 2010 1700 1520 1490 1600 1780
636A Beih  197602042 2000 2150 2170 2090 1970 1860 1800 1830 2030 2360 2700 3060
636A Beih  197602051 3360 3500 3470 3280 2930 2540 2160 1840 1650 1640 1800 2080
636A Beih  197602052 2360 2570 2660 2630 2510 2370 2210 2090 2080 2230 2470 2770
636A Beih  197602061 3070 3300 3360 3230 3010 2710 2380 2040 1830 1800 1960 2300
636A Beih  197602062 2610 2890 3080 3120 3020 2890 2710 2500 2330 2250 2310 2520
636A Beih  197602071 2780 3010 3160 3140 2970 2730 2490 2220 2050 2000 2140 2440
636A Beih  197602072 2750 3070 3310 3410 3380 3250 3060 2770 2460 2190 2050 2100
636A Beih  197602081 2280 2470 2620 2660 2600 2470 2310 2150 2070 2090 2240 2500
636A Beih  197602082 2840 3190 3520 3720 3730 3660 3440 3140 2790 2440 2130 1900
636A Beih  197602091 1890 1900 1900 1920 1900 1860 1800 1730 1730 1790 1930 2190
636A Beih  197602092 2560 2940 3320 3650 3860 3930 3870 3660 3300 2910 2520 2210
636A Beih  197602101 2010 1900 1830 1770 1750 1750 1740 1730 1790 1880 1990 2240
636A Beih  197602102 2540 2860 3240 3610 3910 4090 4110 3980 3710 3340 2920 2540
636A Beih  197602111 2210 1940 1740 1560 1470 1430 1450 1520 1630 1730 1880 2080
636A Beih  197602112 2350 2640 3000 3360 3740 4040 4200 4170 4010 3730 3310 2850
636A Beih  197602121 2440 2070 1760 1480 1300 1220 1240 1320 1450 1600 1740 1910
636A Beih  197602122 2150 2450 2790 3190 3610 4010 4290 4420 4370 4170 3820 3360
636A Beih  197602131 2920 2500 2090 1720 1430 1270 1180 1190 1360 1490 1610 1780
636A Beih  197602132 1960 2170 2450 2810 3220 3660 4080 4360 4440 4460 4110 3690
636A Beih  197602141 3200 2710 2260 1820 1450 1160 1010 1000 1160 1340 1500 1620
636A Beih  197602142 1740 1890 2110 2400 2730 3170 3660 4090 4390 4520 4450 4140
636A Beih  197602151 3680 3140 2610 2120 1690 1300 1050  970 1050 1250 1430 1550
636A Beih  197602152 1620 1680 1790 1980 2250 2610 3070 3580 4050 4410 4560 4450
636A Beih  197602161 4140 3680 3120 2570 2090 1680 1370 1230 1260 1410 1610 1760
636A Beih  197602162 1810 1780 1730 1760 1900 2160 2530 2990 3500 3960 4310 4450
636A Beih  197602171 4320 4000 3510 2970 2460 2030 1700 1520 1510 1660 1910 2100
636A Beih  197602172 2160 2120 1990 1840 1760 1810 2040 2400 2850 3320 3760 4090
636A Beih  197602181 4180 4040 3690 3220 2660 2120 1690 1430 1420 1550 1770 2000
636A Beih  197602182 2160 2120 1960 1740 1550 1350 1310 1510 1850 2260 2780 3210
636A Beih  197602191 3540 3710 3600 3270 2880 2460 2040 1760 1680 1850 2180 2520
636A Beih  197602192 2730 2810 2670 2460 2200 1850 1510 1300 1370 1650 2030 2470
636A Beih  197602201 2840 3100 3190 3070 2850 2630 2310 2030 1970 2130 2560 2980
636A Beih  197602202 3370 3580 3590 3410 3170 2850 2420 1990 1700 1630 1800 2140
636A Beih  197602211 2500 2800 2920 2920 2780 2600 2390 2190 2100 2230 2540 2990
636A Beih  197602212 3420 3800 4000 3980 3780 3460 2980 2490 1980 1600 1400 1410
636A Beih  197602221 1550 1710 1870 1990 2020 1960 1870 1780 1750 1860 2130 2520
636A Beih  197602222 2990 3460 3830 4010 4030 3880 3530 3070 2590 2130 1780 1550
636A Beih  197602231 1360 1330 1460 1600 1700 1760 1790 1800 1840 1950 2140 2450
636A Beih  197602232 2810 3240 3680 4050 4270 4280 4110 3800 3350 2840 2360 1970
636A Beih  197602241 1640 1420 1270 1230 1260 1370 1510 1610 1670 1750 1880 2140
636A Beih  197602242 2490 2840 3270 3670 4010 4160 4140 3970 3650 3190 2730 2280
636A Beih  197602251 1840 1550 1270 1050  960 1000 1150 1330 1530 1650 1790 2000
636A Beih  197602252 2270 2620 3010 3450 3880 4240 4400 4450 4310 4020 3570 3110
636A Beih  197602261 2640 2200 1820 1540 1330 1240 1260 1410 1630 1840 1990 2130
636A Beih  197602262 2250 2490 2790 3150 3560 3980 4330 4530 4550 4430 4120 3670
636A Beih  197602271 3180 2710 2300 1940 1630 1440 1380 1440 1600 1780 1940 2060
636A Beih  197602272 2160 2290 2480 2760 3150 3540 3980 4300 4480 4430 4250 3900
636A Beih  197602281 3470 2970 2490 2050 1700 1440 1270 1230 1310 1440 1550 1640
636A Beih  197602282 1700 1710 1760 1950 2210 2520 2870 3210 3500 3670 3650 3550
636A Beih  197602291 3290 2820 2320 1880 1520 1230 1050 1050 1150 1240 1380 1500
636A Beih  197602292 1560 1550 1600 1750 1950 2230 2540 2920 3330 3610 3730 3760
636A Beih  197603011 3580 3200 2750 2250 1880 1550 1370 1380 1470 1620 1770 1870
636A Beih  197603012 1930 1880 1780 1680 1640 1740 2060 2430 2860 3270 3600 3760
636A Beih  197603021 3720 3580 3290 2860 2400 1990 1760 1720 1850 2030 2190 2290
636A Beih  197603022 2320 2280 2150 2020 1900 1820 1940 2180 2460 2850 3280 3500
636A Beih  197603031 3550 3420 3210 2900 2570 2140 1900 1860 2010 2270 2530 2690
636A Beih  197603032 2750 2640 2440 2270 2050 1840 1750 1820 2120 2570 2910 3160
636A Beih  197603041 3390 3410 3210 2890 2590 2240 2020 1920 2020 2350 2670 2880
636A Beih  197603042 2990 2990 2830 2580 2340 2040 1800 1740 1890 2220 2560 2920
636A Beih  197603051 3180 3250 3160 2980 2710 2440 2190 2060 2130 2390 2730 3070
636A Beih  197603052 3260 3270 3090 2820 2510 2160 1780 1550 1480 1620 1920 2260
636A Beih  197603061 2560 2770 2780 2650 2520 2390 2240 2160 2260 2510 2840 3210
636A Beih  197603062 3520 3670 3620 3410 3110 2700 2290 1900 1640 1550 1650 1880
636A Beih  197603071 2140 2350 2460 2470 2390 2280 2160 2110 2180 2390 2720 3110
636A Beih  197603072 3480 3770 3860 3770 3550 3190 2750 2320 1950 1710 1610 1640
636A Beih  197603081 1790 1960 2090 2160 2150 2120 2060 2040 2100 2290 2610 2960
636A Beih  197603082 3370 3700 3900 3930 3770 3500 3090 2650 2240 1910 1670 1530
636A Beih  197603091 1490 1520 1610 1680 1730 1770 1800 1830 1920 2100 2360 2690
636A Beih  197603092 3060 3430 3760 3940 3940 3790 3490 3080 2680 2290 1970 1720
636A Beih  197603101 1550 1450 1420 1430 1520 1590 1680 1760 1830 1990 2220 2510
636A Beih  197603102 2850 3240 3580 3880 4020 3980 3820 3520 3100 2670 2310 1980
636A Beih  197603111 1680 1420 1260 1190 1230 1310 1420 1580 1720 1860 2050 2310
636A Beih  197603112 2610 2970 3360 3690 3960 4100 4060 3830 3500 3080 2660 2250
636A Beih  197603121 1910 1560 1270 1070 1010 1030 1160 1300 1400 1540 1680 1890
636A Beih  197603122 2140 2440 2800 3210 3600 3910 4040 3990 3860 3560 3120 2660
636A Beih  197603131 2250 1860 1520 1250 1110 1120 1200 1360 1570 1730 1840 1930
636A Beih  197603132 2060 2280 2550 2890 3300 3710 4020 4220 4250 4120 3810 3360
636A Beih  197603141 2860 2350 1950 1590 1380 1300 1370 1520 1720 1890 1990 2030
636A Beih  197603142 2060 2140 2280 2520 2850 3260 3700 4060 4310 4350 4210 3850
636A Beih  197603151 3350 2800 2340 1900 1620 1430 1400 1520 1740 1910 2010 1990
636A Beih  197603152 1910 1800 1780 1870 2100 2420 2870 3310 3720 4000 4110 4000
636A Beih  197603161 3670 3200 2640 2210 1910 1670 1620 1770 1980 2190 2350 2370
636A Beih  197603162 2220 1960 1750 1580 1520 1700 2070 2570 3060 3490 3800 3910
636A Beih  197603171 3800 3550 3170 2690 2310 2000 1890 2000 2290 2580 2810 2880
636A Beih  197603172 2740 2420 2060 1710 1370 1190 1250 1580 2070 2620 3090 3430
636A Beih  197603181 3590 3480 3230 2920 2590 2270 2090 2160 2500 2900 3290 3520
636A Beih  197603182 3460 3130 2700 2240 1790 1290  910  790  900 1380 1750 2173
636A Beih  197603191 2450 2540 2430 2260 2020 1760 1630 1720 1990 2340 2780 3170
636A Beih  197603192 3440 3450 3170 2700 2220 1640 1120  700  570  780 1190 1560
636A Beih  197603201 1940 2230 2360 2410 2420 2400 2370 2480 2700 3000 3450 3890
636A Beih  197603202 4220 4360 4220 3860 3340 2780 2200 1670 1300 1120 1150 1320
636A Beih  197603211 1570 1860 2080 2210 2260 2220 2190 2330 2570 2840 3220 3690
636A Beih  197603212 4120 4370 4430 4260 3890 3340 2770 2220 1740 1350 1100  960
636A Beih  197603221  970 1100 1290 1490 1630 1690 1710 1850 2060 2290 2630 3130
636A Beih  197603222 3630 4010 4240 4300 4150 3810 3370 2860 2370 1930 1580 1270
636A Beih  197603231 1120 1100 1170 1270 1440 1640 1750 1840 2000 2200 2440 2760
636A Beih  197603232 3180 3600 3960 4170 4190 4060 3700 3120 2690 2330 1890 1470
636A Beih  197603241 1180 1070 1050 1030 1190 1440 1620 1800 1920 2070 2310 2660
636A Beih  197603242 3020 3430 3850 4200 4420 4460 4360 4200 3670 3220 2740 2300
636A Beih  197603251 1970 1690 1500 1410 1460 1580 1770 2000 2140 2230 2330 2500
636A Beih  197603252 2760 3060 3400 3780 4100 4300 4360 4250 4000 3620 3160 2670
636A Beih  197603261 2260 1810 1550 1390 1330 1380 1530 1740 1940 2060 2100 2180
636A Beih  197603262 2300 2530 2790 3100 3460 3760 3960 4030 3950 3720 3330 2900
636A Beih  197603271 2480 2110 1810 1530 1410 1400 1490 1660 1890 2030 2110 2130
636A Beih  197603272 2130 2190 2360 2590 2880 3210 3560 3800 3900 3870 3680 3320
636A Beih  197603281 2910 2510 2160 1870 1710 1600 1640 1800 1990 2130 2220 2240
636A Beih  197603282 2160 2090 2100 2200 2400 2700 3070 3400 3660 3810 3790 3630
636A Beih  197603291 3350 2930 2540 2200 2000 1920 1970 2110 2290 2440 2520 2460
636A Beih  197603292 2320 2140 1960 1830 1850 2060 2410 2770 3110 3380 3510 3470
636A Beih  197603301 3270 2970 2650 2290 2010 1860 1850 2030 2250 2420 2490 2410
636A Beih  197603302 2220 1950 1680 1430 1290 1250 1430 1820 2250 2600 2830 2970
636A Beih  197603311 2970 2830 2610 2390 2160 1990 2030 2250 2540 2780 2970 2970
636A Beih  197603312 2800 2500 2140 1790 1480 1220 1210 1400 1780 2140 2480 2670
636A Beih  197604011 2750 2740 2680 2550 2360 2240 2270 2470 2810 3160 3440 3590
636A Beih  197604012 3520 3270 2910 2470 2010 1620 1370 1390 1620 1950 2290 2590
636A Beih  197604021 2770 2810 2750 2650 2520 2440 2490 2660 3000 3360 3680 3880
636A Beih  197604022 3860 3660 3300 2840 2290 1840 1460 1240 1250 1470 1750 2030
636A Beih  197604031 2240 2390 2420 2320 2260 2250 2300 2410 2670 3010 3360 3640
636A Beih  197604032 3800 3730 3460 3060 2570 2090 1680 1350 1210 1230 1410 1650
636A Beih  197604041 1890 2120 2230 2250 2240 2250 2330 2490 2740 3090 3470 3820
636A Beih  197604042 4020 4040 3920 3650 3140 2580 2080 1700 1450 1350 1370 1530
636A Beih  197604051 1750 1950 2130 2230 2250 2330 2370 2510 2720 3050 3380 3750
636A Beih  197604052 4040 4190 4110 3830 3420 2890 2370 1920 1550 1290 1170 1130
636A Beih  197604061 1190 1420 1630 1810 1930 2020 2110 2250 2480 2770 3120 3530
636A Beih  197604062 3913 4189 4295 4211 3954 3566 3096 2606 2158 1789 1514 1343
636A Beih  197604071 1280 1320 1480 1660 1800 1920 2040 2160 2330 2570 2890 3270
636A Beih  197604072 3670 3980 4190 4270 4160 3850 3430 2940 2500 2100 1790 1540
636A Beih  197604081 1370 9999 9999 9999 9999 9999 9999 9999 9999 9999 9999 9999
636A Beih  197604082 9999 9999 9999 9999 9999 9999 9999 9999 9999 9999 9999 9999
636A Beih  197604091 9999 9999 9999 9999 9999 9999 9999 9999 9999 9999 9999 9999
636A Beih  197604092 9999 9999 9999 9999 9999 9999 9999 9999 9999 9999 9999 9999
636A Beih  197604101 9999 1360 1220 1220 1370 1600 1810 1920 2040 2180 9999 9999
636A Beih  197604102 9999 9999 9999 9999 9999 9999 9999 9999 9999 9999 9999 9999
636A Beih  197604111 9999 9999 9999 9999 9999 9999 9999 9999 9999 9999 9999 9999
636A Beih  197604112 9999 9999 9999 9999 9999 9999 9999 9999 9999 9999 9999 9999
636A Beih  197604121 9999 2360 2100 1902 1840 1930 2134 2378 2580 2680 2620 2460
636A Beih  197604122 2300 2160 2120 2220 2490 2890 3260 3540 3680 3740 3590 3212
636A Beih  197604131 2750 2290 1920 1710 1670 1710 1960 2340 2600 2700 2660 2500
636A Beih  197604132 2160 1850 1625 1491 1498 1678 2012 2436 2853 3166 3298 3222
636A Beih  197604141 2979 2663 2359 2120 1900 1930 2240 2640 3040 3320 3340 3182
636A Beih  197604142 2839 2400 1959 1581 1329 1258 1397 1723 2165 2619 2974 3147
636A Beih  197604151 3119 2940 2790 2590 2390 2380 2610 3030 3490 3890 4080 3950
636A Beih  197604152 3610 3150 2610 2040 1560 1130  880  930 1250 1700 2190 2520
636A Beih  197604161 2740 2740 2640 2550 2530 2550 2740 3100 3590 4050 4440 4560
636A Beih  197604162 4400 4020 3500 2910 2290 1780 1290 1000  970 1160 1500 1940
636A Beih  197604171 2250 2420 2450 2390 2350 2430 2600 2910 3330 3840 4300 4630
636A Beih  197604172 4670 4460 4080 3530 2910 2290 1760 1280  940  800  870 1150
636A Beih  197604181 1516 1830 2000 2070 2070 2130 2320 2550 2880 3320 3830 4280
636A Beih  197604182 4570 4580 4360 3900 3380 2780 2210 1680 1210  910  800  780
636A Beih  197604191 1052 1370 1610 1760 1900 1980 2130 2360 2700 3110 3560 4020
636A Beih  197604192 4400 4620 4620 4420 3990 3460 2890 2380 1900 1490 1050  949
636A Beih  197604201 1030 1120 1300 1534 1720 1940 2090 2220 2360 2650 3080 3510
636A Beih  197604202 3990 4330 4460 4380 4220 3870 3330 2860 2300 1890 1490 1200
636A Beih  197604211 1040 1130 1190 1280 1640 1900 1960 2100 2330 2550 2840 3170
636A Beih  197604212 3520 3880 4170 4240 4100 3890 3560 3110 2650 2220 1860 1510
636A Beih  197604221 1200 1100 1120 1220 1440 1700 1920 2080 2200 2370 2580 2820
636A Beih  197604222 3110 3420 3720 3920 4000 3920 3700 3360 2980 2570 2180 1830
636A Beih  197604231 1510 1250 9999 9999 9999 9999 9999 9999 9999 9999 9999 9999
636A Beih  197604232 9999 9999 9999 9999 9999 9999 9999 9999 9999 9999 9999 9999
636A Beih  197604241 9999 9999 9999 9999 9999 1810 2160 2370 2480 2530 2560 2600
636A Beih  197604242 2610 2660 2820 3050 3300 3540 3670 3690 3610 3330 2960 2589
636A Beih  197604251 2220 1880 1720 1630 1700 1970 2260 2510 2700 2770 2730 2630
636A Beih  197604252 2550 2470 2440 2510 2710 2990 3280 3500 3580 3480 3240 2930
636A Beih  197604261 2610 2230 2010 1920 1950 2150 2430 2720 2920 2990 2890 2670
636A Beih  197604262 2440 2180 1990 1890 2000 2220 2530 2840 3050 3160 3070 2850
636A Beih  197604271 2600 2340 2160 2020 2020 2260 2440 2860 3220 3340 3180 2940
636A Beih  197604272 2720 2370 1960 1670 1520 1620 1880 2210 2520 2740 2850 2820
636A Beih  197604281 2670 2460 2290 2210 2190 2380 2720 3100 3490 3740 3770 3570
636A Beih  197604282 3250 2830 2370 1910 1590 1430 1470 1680 1970 2290 2550 2650
636A Beih  197604291 2630 2510 2370 2310 2340 2490 2810 3200 3530 3850 4000 3940
636A Beih  197604292 3670 3260 2760 2240 1800 1480 1290 1290 1470 1740 2050 2270
636A Beih  197604301 2400 2400 2320 2280 2340 2470 2720 3020 3430 3790 4050 4090
636A Beih  197604302 3910 3560 3070 2530 2030 1610 1320 1150 1170 1380 1670 1960
636A Beih  197605011 2160 2240 2270 2290 2350 2500 2770 3080 3450 3790 4080 4210
636A Beih  197605012 4120 3870 3360 2830 2300 1820 1420 1140 1010 1060 1270 1540
636A Beih  197605021 1810 2000 2130 2190 2270 2440 2690 3000 3370 3760 4090 4320
636A Beih  197605022 4330 4120 3750 3240 2710 2200 1800 1420 1160 1050 1110 1350
636A Beih  197605031 1670 1890 2050 2150 2240 2410 2640 2890 3230 3620 4000 4300
636A Beih  197605032 4420 4320 4010 3580 3080 2540 2060 1680 1340 1140 1000 1060
636A Beih  197605041 1360 1550 1750 1830 1890 2040 2230 2460 2810 3150 3530 3900
636A Beih  197605042 4110 4170 4010 3650 3190 2630 2080 1630 1230  860  640  560
636A Beih  197605051  680  860 1120 1300 1460 1600 1820 2030 2390 2820 3230 3640
636A Beih  197605052 4020 4270 4300 4190 3900 3440 2920 2410 2000 1720 1510 1410
636A Beih  197605061 1420 1510 1680 1870 2030 2170 2270 2410 2620 2870 3160 3540
636A Beih  197605062 3890 4110 4190 4130 3910 3570 3140 2650 2140 1810 1490 1280
636A Beih  197605071 1230 1270 1440 1690 1900 2110 2250 2340 2490 2690 2940 3240
636A Beih  197605072 3570 3860 4080 4140 4040 3810 3460 3010 2570 2130 1750 1420
636A Beih  197605081 1210 1150 1260 1460 1730 1960 2160 2290 2370 2500 2670 2890
636A Beih  197605082 3160 3450 3720 3930 4030 3990 3780 3470 3080 2650 2250 1920
636A Beih  197605091 1630 1500 1490 1600 1840 2080 2280 2420 2470 2470 2490 2580
636A Beih  197605092 2720 2910 3120 3350 3610 3760 3750 3590 3350 2970 2590 2200
636A Beih  197605101 1910 1710 1630 1770 2020 2290 2550 2710 2730 2650 2520 2410
636A Beih  197605102 2310 2280 2360 2600 2920 3190 3410 3480 3400 3170 2830 2510
636A Beih  197605111 2180 1920 1820 1940 2210 2440 2720 3010 3120 3020 2680 2350
636A Beih  197605112 2060 1810 1550 1500 1680 2010 2400 2740 2920 2930 2760 2530
636A Beih  197605121 2290 2050 1920 2000 2270 2710 3180 3610 3840 3760 3450 3050
636A Beih  197605122 2580 2060 1600 1240 1090 1150 1430 1820 2230 2510 2630 2570
636A Beih  197605131 2410 2290 2240 2260 2470 2880 3380 3850 4220 4370 4250 3910
636A Beih  197605132 3380 2750 2120 1550 1090  810  780 1030 1380 1760 2100 2290
636A Beih  197605141 2320 2280 2290 2410 2610 2920 3360 3870 4370 4690 4780 4620
636A Beih  197605142 4190 3620 2940 2290 1700 1200  830  730  860 1180 1540 1850
636A Beih  197605151 2070 2140 2170 2260 2480 2780 3170 3700 4240 4680 4920 4950
636A Beih  197605152 4720 4230 3590 2930 2320 1740 1220  850  700  750 1030 1360
636A Beih  197605161 1640 1830 1940 2030 2180 2440 2780 3200 3740 4280 4690 4940
636A Beih  197605162 4900 4620 4110 3490 2850 2240 1710 1220  840  690  760  980
636A Beih  197605171 1260 1510 1730 1840 1950 2190 2460 2830 3300 3840 4340 4690
636A Beih  197605172 4880 4800 4440 3940 3360 2780 2220 1710 1250  910  790  830
636A Beih  197605181 1040 1320 1570 1760 1890 2030 2270 2570 2950 3380 3880 4330
636A Beih  197605182 4650 4730 4610 4290 3790 3230 2650 2190 1760 1350 1070  980
636A Beih  197605191 1030 1230 1490 1690 1890 2040 2200 2390 2640 2960 3360 3800
636A Beih  197605192 4170 4380 4410 4260 3930 3490 3010 2550 2100 1720 1370 1150
636A Beih  197605201 1110 1160 1320 1580 1820 1990 2120 2270 2460 2720 2990 3340
636A Beih  197605202 3680 3960 4110 4110 3950 3630 3230 2790 2340 1950 1640 1390
636A Beih  197605211 1180 1150 1310 1500 1740 1970 2130 2250 2350 2520 2690 2890
636A Beih  197605212 3190 3410 3600 3770 3790 3650 3360 3020 2600 2200 1900 1650
636A Beih  197605221 1470 1380 1420 1660 1900 2150 2350 2480 2560 2590 2640 2770
636A Beih  197605222 2940 3100 3290 3470 3560 3570 3470 3230 2910 2570 2250 1970
636A Beih  197605231 1800 1720 1800 1960 2170 2450 2650 2800 2860 2820 2740 2690
636A Beih  197605232 2660 2710 2800 2950 3110 3240 3240 3150 2980 2740 2470 2170
636A Beih  197605241 1980 1890 1950 2110 2370 2670 2910 3080 3160 3100 2930 2740
636A Beih  197605242 2570 2380 2280 2310 2450 2610 2750 2830 2810 2670 2490 2320
636A Beih  197605251 2160 2050 2050 2220 2510 2830 3150 3430 3530 3470 3290 3000
636A Beih  197605252 2670 2330 2030 1870 1860 1950 2130 2290 2440 2500 2470 2390
636A Beih  197605261 2270 2230 2310 2500 2780 3160 3550 3900 4060 4060 3870 3560
636A Beih  197605262 3090 2650 2240 1930 1730 1690 1790 1950 2110 2280 2410 2430
636A Beih  197605271 2370 2320 2350 2470 2750 3100 3510 3890 4150 4220 4110 3840
636A Beih  197605272 3440 2920 2390 1950 1660 1430 1310 1360 1540 1780 1980 2110
636A Beih  197605281 2180 2250 2320 2450 2700 3050 3450 3830 4170 4370 4370 4150
636A Beih  197605282 3810 3310 2760 2220 1790 1470 1210 1150 1230 1430 1630 1820
636A Beih  197605291 2010 2150 2210 2330 2580 2890 3280 3660 4060 4340 4440 4330
636A Beih  197605292 4020 3600 3070 2500 2010 1580 1240 1070 1000 1090 1330 1590
636A Beih  197605301 1800 1960 2070 2250 2470 2750 3130 3530 3940 4260 4450 4430
636A Beih  197605302 4240 3820 3320 2770 2220 1780 1380 1070  930  950 1150 1440
636A Beih  197605311 1660 1860 2040 2160 2370 2630 2950 3330 3790 4180 4480 4580
636A Beih  197605312 4490 4200 3740 3190 2670 2160 1680 1340 1090  910 1020 1310
636A Beih  197606011 1610 1855 2040 2179 2318 2510 2792 3150 3600 3930 4230 4390
636A Beih  197606012 4440 4220 3830 3360 2820 2200 1780 1300  850  600  550  670
636A Beih  197606021  900 1150 1350 1560 1720 1910 2230 2600 2990 3400 3820 4180
636A Beih  197606022 4360 4330 4080 3610 3110 2580 2070 1670 1270  940  800  780
636A Beih  197606031  880 1120 1350 1500 1650 1820 2040 2310 2640 3010 3430 3840
636A Beih  197606032 4120 4250 4170 3910 3490 2970 2440 1970 1610 1270 1030  960
636A Beih  197606041 1010 1230 1490 1720 1880 1930 2110 2340 2540 2820 3180 3540
636A Beih  197606042 3830 4050 4160 4110 3840 3440 2980 2540 2100 1810 1560 1403
636A Beih  197606051 1391 1510 1680 2000 2190 2340 2330 2330 2480 2680 2900 3170
636A Beih  197606052 3430 3650 3860 3910 3750 3480 3100 2680 2250 1940 1710 1520
636A Beih  197606061 1420 1510 1730 1960 2200 2380 2490 2490 2480 2530 2630 2800
636A Beih  197606062 3010 3250 3510 3650 3670 3540 3330 3030 2620 2280 2010 1840
636A Beih  197606071 1710 1720 1920 2180 2460 2690 2770 2750 2640 2500 2380 2320
636A Beih  197606072 2340 2460 2630 2880 3110 3210 3180 3040 2780 2520 2290 2100
636A Beih  197606081 1970 1980 2170 2520 2860 3200 3420 3420 3250 2990 2660 2350
636A Beih  197606082 2080 1890 1850 1970 2160 2380 2580 2680 2650 2550 2350 2150
636A Beih  197606091 2020 2170 2290 2460 2910 3440 3800 3930 3800 3480 3070 2630
636A Beih  197606092 2160 1760 1460 1270 1220 1350 1540 1810 2000 2080 2110 2120
636A Beih  197606101 2020 1990 2240 2570 2990 3480 3920 4160 4220 4050 3770 3290
636A Beih  197606102 2660 2010 1580 1210  910  830  930 1040 1340 1620 1760 1820
636A Beih  197606111 1870 1950 2120 2430 2820 3330 3840 4330 4630 4660 4490 4100
636A Beih  197606112 3560 2900 2230 1700 1230  840  630  620  790 1080 1390 1620
636A Beih  197606121 1710 1760 1940 2230 2550 3010 3550 4120 4570 4810 4840 4630
636A Beih  197606122 4220 3610 2930 2290 1740 1197  807  631  675  879 1158 1429
636A Beih  197606131 1620 1760 1890 2090 2400 2750 3230 3780 4350 4750 4930 4920
636A Beih  197606132 4670 4180 3540 2920 2240 1680 1190  840  650  680  880 1170
636A Beih  197606141 1430 1670 1820 1960 2160 2460 2840 3330 3900 4430 4780 4910
636A Beih  197606142 4880 4580 4050 3430 2800 2180 1670 1200  870  750  800 1010
636A Beih  197606151 1310 1570 1770 1910 2050 2270 2600 3000 3470 3980 4460 4780
636A Beih  197606152 4870 4720 4360 3850 3280 2700 2140 1680 1250 1020  950 1030
636A Beih  197606161 1250 1520 1720 1870 1970 2110 2330 2620 3000 3430 3910 4300
636A Beih  197606162 4580 4640 4460 4080 3590 3060 2510 2040 1660 1320 1160 1120
636A Beih  197606171 1250 1460 1710 1890 2000 2070 2200 2400 2630 2950 3360 3760
636A Beih  197606172 4100 4280 4270 4070 3740 3280 2800 2310 1940 1620 1430 1360
636A Beih  197606181 1390 1560 1760 1960 2150 2260 2280 2360 2490 2700 2980 3310
636A Beih  197606182 3610 3880 3980 3960 3780 3460 3040 2650 2240 1950 1710 1610
636A Beih  197606191 1600 1740 1950 2230 2310 2360 2460 2500 2500 2570 2700 2890
636A Beih  197606192 3140 3370 3570 3630 3530 3330 3050 2710 2370 2070 1810 1700
636A Beih  197606201 1680 1800 2010 2270 2490 2640 2730 2700 2630 2590 2570 2570
636A Beih  197606202 2670 2860 3020 3160 3220 3140 3000 2750 2450 2170 1940 1790
636A Beih  197606211 1760 1860 2100 2410 2690 2900 3030 3050 2930 2790 2650 2490
636A Beih  197606212 2360 2340 2470 2590 2690 2750 2730 2640 2480 2280 2090 1970
636A Beih  197606221 1930 2100 2380 2720 3050 3310 3500 3570 3400 3200 2940 2640
636A Beih  197606222 2320 2100 2000 2030 2120 2290 2370 2390 2340 2240 2170 2180
636A Beih  197606231 2150 2280 2530 2870 3190 3560 3870 4050 3970 3740 3410 3010
636A Beih  197606232 2590 2190 1880 1710 1640 1660 1740 1830 1870 1930 1970 1990
636A Beih  197606241 2020 2100 2360 2700 3060 3440 3820 4090 4190 4100 3830 3400
636A Beih  197606242 2920 2430 2030 1730 1510 1390 1350 1410 1570 1720 1850 1960
636A Beih  197606251 2030 2150 2360 2620 3000 3390 3800 4140 4320 4310 4120 3760
636A Beih  197606252 3290 2790 2300 1910 1580 1300 1160 1130 1250 1450 1630 1810
636A Beih  197606261 1960 2070 2270 2550 2860 3270 3690 4100 4400 4520 4440 4140
636A Beih  197606262 3700 3170 2600 2120 1680 1320 1080  980 1020 1180 1430 1640
636A Beih  197606271 1840 1970 2110 2350 2690 3140 3610 4090 4450 4660 4690 4550
636A Beih  197606272 4190 3700 3090 2520 2010 1610 1350 1180 1170 1310 1490 1700
636A Beih  197606281 1920 2060 2200 2400 2680 3040 3470 4000 4490 4810 4920 4840
636A Beih  197606282 4550 4070 3530 2950 2390 1900 1490 1220 1100 1170 1380 1630
636A Beih  197606291 1850 2050 2180 2330 2600 2700 3090 3560 4030 4400 4680 4740
636A Beih  197606292 4580 4200 3710 3140 2580 2100 1610 1200  980  900 1020 1260
636A Beih  197606301 1530 1720 1940 2080 2250 2510 2880 3260 3720 4130 4460 4650
636A Beih  197606302 4650 4390 4010 3530 2950 2410 1940 1490 1130  960  960 1070
636A Beih  197607011 1310 1560 1730 1880 1990 2170 2410 2720 3090 3510 3890 4170
636A Beih  197607012 4370 4360 4100 3660 3270 2620 2160 1760 1400 1170 1080 1160
636A Beih  197607021 1330 1530 1710 1860 1990 2070 2220 2440 2700 3080 3440 3840
636A Beih  197607022 4080 4180 4100 3850 3410 2930 2420 2030 1690 1400 1260 1320
636A Beih  197607031 1480 1700 1920 2070 2160 2160 2180 2290 2430 2660 2990 3350
636A Beih  197607032 3690 3890 3950 3870 3600 3200 2730 2270 1870 1640 1510 1530
636A Beih  197607041 1680 1940 2200 2390 2490 2500 2430 2370 2360 2390 2500 2750
636A Beih  197607042 3070 3340 3550 3590 3470 3280 2960 2610 2240 1900 1740 1727
636A Beih  197607051 1870 2230 2560 2810 3020 3090 3010 2890 2660 2430 2310 2310
636A Beih  197607052 2440 2670 2900 3060 3160 3110 2930 2700 2450 2200 2051 2032
636A Beih  197607061 2170 2490 2870 3250 3570 3630 3570 3410 3150 2790 2470 2180
636A Beih  197607062 2030 2050 2180 2340 2470 2570 2570 2490 2380 2270 2180 2210
636A Beih  197607071 2380 2660 3050 3530 3900 4160 4110 4030 3800 3460 2940 2450
636A Beih  197607072 2100 1850 1680 1620 1670 1760 1880 2010 2100 2180 2250 2310
636A Beih  197607081 2420 2690 3090 3540 3980 4380 4630 4650 4470 4120 3620 3100
636A Beih  197607082 2620 2190 1810 1500 1270 1250 1350 1490 1700 1880 2040 2150
636A Beih  197607091 2290 2490 2800 3210 3700 4160 4540 4800 4830 4640 4260 3740
636A Beih  197607092 3230 2650 2190 1750 1320 1050  940 1020 1260 1500 1720 1910
636A Beih  197607101 2030 2190 2470 2800 3210 3730 4230 4600 4860 4830 4600 4180
636A Beih  197607102 3640 3060 2490 1990 1530 1110  860  760  850 1140 1430 1640
636A Beih  197607111 1830 1970 2150 2470 2840 3270 3780 4290 4670 4850 4810 4550
636A Beih  197607112 4110 3540 2920 2350 1840 1390 1030  810  770  930 1210 1470
636A Beih  197607121 1760 1820 1970 2220 2540 2890 3350 3940 4420 4740 4870 4760
636A Beih  197607122 4480 3940 3340 2750 2220 1790 1360 1010  850  890 1080 1310
636A Beih  197607131 1480 1680 1810 2000 2200 2500 2890 3340 3860 4340 4670 4760
636A Beih  197607132 4630 4310 3800 3250 2700 2200 1770 1380 1150 1120 1220 1380
636A Beih  197607141 1560 1700 1800 1890 2020 2200 2490 2880 3300 3790 4260 4500
636A Beih  197607142 4580 4430 4110 3620 3100 2520 2030 1670 1420 1280 1270 1360
636A Beih  197607151 1620 1830 1930 1960 2010 2110 2300 2560 2900 3310 3720 4110
636A Beih  197607152 4320 4290 4090 3740 3240 2710 2250 1880 1610 1470 1420 1520
636A Beih  197607161 1730 1970 2110 2180 2180 2170 2210 2350 2590 2910 3290 3640
636A Beih  197607162 3960 4110 4040 3800 3440 2960 2510 2110 1800 1650 1610 1690
636A Beih  197607171 1870 2080 2280 2380 2430 2360 2270 2270 2380 2540 2780 3110
636A Beih  197607172 3440 3690 3770 3660 3450 3130 2720 2320 2000 1830 1790 1860
636A Beih  197607181 2060 2340 2550 2700 2740 2680 2660 2390 2300 2310 2410 2600
636A Beih  197607182 2870 3140 3310 3350 3230 3010 2730 2420 2130 1980 1920 2000
636A Beih  197607191 2200 2540 2840 3050 3160 3120 2990 2770 2540 2330 2200 2190
636A Beih  197607192 2300 2510 2700 2800 2810 2740 2600 2400 2190 2030 1980 2060
636A Beih  197607201 2270 2630 2990 3290 3510 3610 3510 3320 3030 2680 2360 2140
636A Beih  197607202 2040 2050 2130 2240 2320 2350 2270 2170 2070 2010 1960 2020
636A Beih  197607211 2210 2550 2930 3300 3620 3830 3850 3720 3480 3110 2710 2330
636A Beih  197607212 2010 1880 1810 1820 1850 1870 1870 1880 1880 1920 1970 2050
636A Beih  197607221 2230 2520 2850 3250 3640 3930 4100 4120 3920 3660 3260 2760
636A Beih  197607222 2320 1970 1730 1590 1560 1540 1570 1640 1690 1810 1910 1990
636A Beih  197607231 2130 2330 2660 3070 3480 3870 4170 4310 4180 3960 3630 3120
636A Beih  197607232 2630 2160 1800 1550 1430 1390 1340 1420 1600 1690 1810 1970
636A Beih  197607241 2070 2240 2530 2900 3330 3790 4180 4410 4460 4230 3960 3490
636A Beih  197607242 2970 2400 1950 1590 1270 1150 1130 1270 1320 1510 1660 1820
636A Beih  197607251 1950 2100 2350 2690 3060 3540 4010 4420 4580 4580 4450 4000
636A Beih  197607252 3450 2930 2420 1990 1650 1310 1040 1070 1170 1310 1460 1680
636A Beih  197607261 1910 2030 2220 2540 2900 3370 3830 4290 4610 4750 4730 4390
636A Beih  197607262 3990 3510 2920 2360 1970 1500 1220 1080 1150 1360 1610 1560
636A Beih  197607271 1750 1960 1990 2140 2530 2920 3390 3910 4350 4640 4790 4650
636A Beih  197607272 4280 3820 3220 2620 2110 1700 1350 1160 1140 1230 1490 1700
636A Beih  197607281 1840 1990 2120 2250 2410 2730 3160 3610 4130 4530 4720 4720
636A Beih  197607282 4610 4180 3620 3040 2510 2050 1600 1270 1140 1210 1420 1600
636A Beih  197607291 1780 1930 1980 2020 2110 2300 2630 3020 3490 3910 4310 4590
636A Beih  197607292 4600 4340 3890 3350 2849 2352 1890 1534 1352 1359 1518 1761
636A Beih  197607301 2000 2130 2170 2120 2144 2206 2310 2501 2815 3236 3688 4067
636A Beih  197607302 4279 4266 4030 3635 3169 2693 2245 1872 1642 1592 1709 1933
636A Beih  197607311 2180 2330 2370 2320 2210 2100 2100 2230 2460 2830 3219 3626
636A Beih  197607312 3950 4104 4045 3791 3406 2970 2550 2191 1950 1870 1962 2186
636A Beih  197608011 2460 2530 2450 9999 9999 9999 9999 9999 9999 9999 9999 9999
636A Beih  197608012 9999 9999 9999 9999 9999 9999 9999 9999 9999 9999 9999 9999
636A Beih  197608021 9999 9999 9999 9999 9999 9999 9999 9999 9999 9999 9999 9999
636A Beih  197608022 9999 9999 9999 9999 9999 9999 9999 9999 9999 9999 9999 9999
636A Beih  197608031 2750 3180 3550 3810 3810 3560 3220 2810 2300 1900 1690 1660
636A Beih  197608032 1760 1960 2220 2430 2490 2440 2290 2160 2040 2000 2120 2430
636A Beih  197608041 2670 9999 9999 9999 9999 9999 9999 9999 9999 9999 9999 9999
636A Beih  197608042 9999 9999 9999 9999 9999 9999 9999 9999 9999 9999 9999 9999
636A Beih  197608051 9999 9999 9999 9999 9999 9999 9999 9999 9999 9999 9999 9999
636A Beih  197608052 9999 9999 9999 9999 9999 9999 9999 9999 9999 9999 9999 9999
636A Beih  197608061 2250 2550 2960 3480 3980 4440 4640 4630 4450 4080 3530 2970
636A Beih  197608062 2460 1980 1550 1280 1100 1110 1110 1270 1590 1670 1810 1900
636A Beih  197608071 2110 2450 2740 3160 3640 4190 4650 4780 4680 4490 4080 3510
636A Beih  197608072 3020 2470 1980 1560 1220 1030  960 1050 1280 1500 1670 1860
636A Beih  197608081 1980 2120 2440 2910 3410 3760 4230 4610 4760 4710 4440 4050
636A Beih  197608082 3440 2860 2300 1870 1440 1080  920  890 1020 1250 1470 1680
636A Beih  197608091 1780 1890 2090 2430 2830 3260 3770 4290 4720 4830 4760 4480
636A Beih  197608092 3940 3400 2870 2340 1910 1500 1200 1100 1140 1320 1550 1700
636A Beih  197608101 1780 1830 1930 2090 2360 2710 3260 3740 4220 4600 4750 4700
636A Beih  197608102 4420 3960 3430 2780 2250 1880 1530 1320 1270 1380 1600 1820
636A Beih  197608111 1930 1990 2050 2060 2150 2400 2750 3200 3690 4110 4400 4520
636A Beih  197608112 4390 4080 3600 3030 2520 2150 1780 1550 1450 1520 1680 1850
636A Beih  197608121 2010 2110 2180 2090 2110 2170 2310 2600 3060 3570 3940 4200
636A Beih  197608122 4250 4140 3820 3370 2960 2520 2220 1920 1670 1770 1970 2130
636A Beih  197608131 2330 2400 2360 2260 2030 1980 2100 2330 2650 3050 3430 3810
636A Beih  197608132 3990 4000 3810 3450 2980 2590 2210 1970 1860 1900 2050 2280
636A Beih  197608141 2500 2600 2540 2430 2280 2070 1980 2040 2240 2570 2960 3330
636A Beih  197608142 3610 3720 3600 3350 3110 2690 2310 2080 1960 1980 2150 2380
636A Beih  197608151 2630 2800 2820 2720 2530 2280 2000 1870 1870 2030 2340 2700
636A Beih  197608152 3080 3280 3300 3160 2940 2690 2400 2120 1990 2040 2220 2480
636A Beih  197608161 2840 3080 3200 3130 2950 2660 2340 2040 1820 1770 1860 2080
636A Beih  197608162 2410 2700 2830 2840 2760 2560 2310 2120 1980 2030 2220 2520
636A Beih  197608171 2870 3240 3510 3590 3440 3230 2910 2520 2140 1950 1830 1820
636A Beih  197608172 1950 2090 2300 2420 2420 2350 2220 2090 1990 1980 2170 2450
636A Beih  197608181 2780 3220 3570 3800 3870 3740 3460 3110 2693 2300 1980 1800
636A Beih  197608182 1750 1780 1850 1950 2010 2030 2030 2010 1980 2000 2130 2350
636A Beih  197608191 2620 2970 3360 3730 3960 3970 3890 3630 3220 2800 2360 2020
636A Beih  197608192 1810 1650 1590 1610 1670 1740 1830 1900 1960 2020 2120 2300
636A Beih  197608201 2520 2840 3220 3590 3910 4070 4080 3910 3610 3210 2720 2290
636A Beih  197608202 1960 1700 1480 1390 1380 1420 1530 1700 1840 1970 2090 2230
636A Beih  197608211 2430 2710 3050 3450 3830 4120 4270 4240 4030 3650 3180 2700
636A Beih  197608212 2220 1860 1540 1280 1160 1170 1240 1400 1610 1760 1870 1990
636A Beih  197608221 2150 2400 2720 3130 3530 3920 4210 4350 4300 4070 3660 3160
636A Beih  197608222 2660 2170 1770 1430 1210 1130 1130 1260 1470 1700 1880 1990
636A Beih  197608231 2090 2300 2590 2930 3320 3780 4160 4420 4510 4390 4110 3670
636A Beih  197608232 3130 2600 2110 1730 1400 1170 1100 1220 1360 1570 1790 1950
636A Beih  197608241 2050 2120 2300 2640 3070 3470 3870 4310 4610 4690 4580 4170
636A Beih  197608242 3710 3240 2700 2210 1830 1570 1430 1450 1620 1720 1940 2120
636A Beih  197608251 2170 2220 2300 2410 2620 2980 3430 3920 4420 4640 4640 4440
636A Beih  197608252 4100 3610 3060 2470 2030 1660 1410 1350 1470 1700 1940 2080
636A Beih  197608261 2100 2050 2060 2130 2270 2370 2750 3270 3720 4060 4340 4420
636A Beih  197608262 4170 3710 3230 2670 2170 1820 1620 1530 1610 1860 2090 2230
636A Beih  197608271 2240 2270 2210 2090 2040 2070 2270 2650 3170 3630 4040 4260
636A Beih  197608272 4230 3910 3550 3070 2530 2090 1790 1690 1800 2000 2300 2520
636A Beih  197608281 2600 2530 2390 2150 1910 1740 1730 1950 2370 2870 3380 3760
636A Beih  197608282 3930 3870 3670 3380 2980 2520 2110 1900 1980 2140 2510 2850
636A Beih  197608291 3030 2990 2790 2530 2190 1760 1480 1390 1540 1820 2310 2830
636A Beih  197608292 3290 3490 3450 3230 2970 2670 2320 2070 2050 2240 2600 3030
636A Beih  197608301 3380 3530 3410 3140 2750 2300 1870 1480 1250 1240 1450 1830
636A Beih  197608302 2320 2710 2910 2980 2840 2630 2460 2330 2290 2450 2800 3180
636A Beih  197608311 3660 3980 4230 4080 3760 3250 2730 2250 1770 1420 1240 1260
636A Beih  197608312 1460 1740 2030 2220 2320 2290 2210 2140 2180 2350 2630 2980
636A Beih  197609011 3470 3910 4240 4350 4240 3910 3450 2920 2370 1920 1550 1310
636A Beih  197609012 1180 1160 1310 1510 1710 1840 1900 1940 1990 2140 2370 2680
636A Beih  197609021 3080 3540 3980 4310 4400 4300 4030 3600 3070 2530 2060 1690
636A Beih  197609022 1390 1170 1050 1080 1210 1440 1660 1810 1900 2020 2190 2470
636A Beih  197609031 2800 3220 3710 4120 4410 4520 4420 4150 3710 3180 2670 2220
636A Beih  197609032 1840 1480 1170 1040 1030 1120 1330 1530 1690 1840 1970 2180
636A Beih  197609041 2420 2750 3210 3690 4080 4380 4470 4410 4170 3750 3210 2690
636A Beih  197609042 2240 1850 1460 1190 1010  950 1050 1290 1520 1690 1800 1940
636A Beih  197609051 2130 2390 2730 3160 3620 4040 4310 4430 4400 4160 3770 3270
636A Beih  197609052 2770 2300 1890 1560 1280 1130 1130 1280 1490 1680 1830 1940
636A Beih  197609061 2000 2130 2370 2690 3060 3510 3940 4260 4410 4370 4140 3760
636A Beih  197609062 3270 2800 2310 1950 1600 1390 1310 1370 1580 1790 1950 2040
636A Beih  197609071 2080 2090 2170 2330 2590 2970 3400 3830 4170 4340 4290 4060
636A Beih  197609072 3670 3180 2680 2240 1890 1610 1480 1510 1640 1850 2070 2180
636A Beih  197609081 2190 2130 2070 2100 2270 2530 2870 3320 3720 4030 4140 4080
636A Beih  197609082 3850 3440 2920 2470 2110 1850 1660 1610 1690 1880 2090 2230
636A Beih  197609091 2230 2130 2030 1920 1930 2050 2330 2740 3180 3580 3890 4020
636A Beih  197609092 3950 3720 3330 2890 2430 2090 1880 1870 1990 2200 2430 2570
636A Beih  197609101 2560 2450 2300 2120 1910 1790 1950 2270 2690 3120 3500 3710
636A Beih  197609102 3790 3700 3470 3140 2720 2320 2070 2030 2210 2500 2760 2950
636A Beih  197609111 2990 2900 2700 2430 2140 1890 1770 1900 2210 2600 3040 3390
636A Beih  197609112 3570 3550 3400 3150 2830 2530 2230 2110 2270 2590 2910 3150
636A Beih  197609121 3270 3220 2960 2640 2340 1990 1670 1520 1680 2020 2450 2810
636A Beih  197609122 3100 3210 3170 3030 2860 2660 2460 2360 2480 2740 2990 3390
636A Beih  197609131 3610 3670 3530 3250 2840 2430 2000 1690 1560 1650 1940 2300
636A Beih  197609132 2610 2850 2930 2890 2790 2670 2540 2480 2590 2830 3170 3510
636A Beih  197609141 3800 3960 3920 3730 3380 2930 2470 2040 1720 1620 1700 1910
636A Beih  197609142 2170 2400 2570 2650 2670 2630 2560 2550 2650 2890 3210 3550
636A Beih  197609151 3890 4140 4220 4110 3850 3470 2990 2510 2120 1840 1720 1720
636A Beih  197609152 1830 1990 2150 2280 2400 2460 2480 2510 2620 2820 3110 3450
636A Beih  197609161 3820 4130 4310 4330 4180 3870 3470 3010 2600 2190 1950 1760
636A Beih  197609162 1690 1680 1750 1870 2000 2160 2270 2350 2430 2590 2830 3050
636A Beih  197609171 3420 3780 4080 4290 4300 4180 3890 3453 2980 2530 2190 1920
636A Beih  197609172 1710 1640 1640 1710 1860 2050 2230 2350 2440 2580 2760 3020
636A Beih  197609181 3340 3710 4050 4290 4420 4430 4280 3940 3500 3010 2540 2170
636A Beih  197609182 1910 1710 1620 1620 1720 1900 2110 2310 2470 2610 2750 2980
636A Beih  197609191 3250 3580 3920 4220 4400 4490 4470 4240 3880 3380 2890 2440
636A Beih  197609192 2030 1700 1480 1320 1300 1390 1550 1810 2010 2190 2310 2400
636A Beih  197609201 2550 2820 3200 3490 3820 4060 4200 4100 3940 3600 3160 2640
636A Beih  197609202 2170 1770 1360 1050  880  870  940 1190 1430 1600 1750 1830
636A Beih  197609211 1920 2120 2380 2700 3080 3420 3720 3900 3880 3700 3340 2880
636A Beih  197609212 2370 1940 1580 1330 1200 1160 1310 1510 1730 1900 1990 2080
636A Beih  197609221 2140 2160 2220 2460 2820 3170 3510 3800 3950 3920 3680 3270
636A Beih  197609222 2820 2230 1690 1250 1010  970 1130 1350 1590 1760 1890 1930
636A Beih  197609231 1900 1840 1810 1900 2110 2460 2890 3400 3810 4050 4120 4010
636A Beih  197609232 3710 3210 2670 2160 1840 1720 1830 2130 2500 2700 2760 2750
636A Beih  197609241 2600 2350 2150 1980 1910 2040 2370 2820 3380 3780 3990 4040
636A Beih  197609242 3930 3660 3250 2730 2250 2040 2130 2460 2860 3240 3420 3440
636A Beih  197609251 3250 3000 2680 2260 1870 1710 1800 2130 2640 3190 3560 3700
636A Beih  197609252 3700 3570 3310 2930 2540 2170 2060 2290 2710 3190 3530 3660
636A Beih  197609261 3520 3210 2830 2340 1750 1290  990  980 1320 1840 2360 2780
636A Beih  197609262 3010 3000 2870 2710 2550 2330 2130 2180 2490 2980 3450 3810
636A Beih  197609271 3910 3700 3300 2780 2170 1530  980  600  530  700 1130 1610
636A Beih  197609272 2030 2280 2340 2320 2280 2270 2270 2390 2660 3080 3560 4050
636A Beih  197609281 4380 4460 4280 3820 3230 2560 1860 1310  940  810  880 1160
636A Beih  197609282 1510 1810 2050 2110 2260 2230 2250 2370 2610 3020 3480 4020
636A Beih  197609291 4530 4800 4800 4580 4110 3530 2870 2240 1740 1370 1160 1140
636A Beih  197609292 1250 1450 1700 1960 2140 2220 2250 2300 2490 2770 3150 3650
636A Beih  197609301 4130 4520 4760 4750 4550 4150 3540 2850 2260 1750 1420 1050
636A Beih  197609302  950  970 1110 1310 1540 1780 1880 1960 2100 2320 2590 2920
636A Beih  197610011 3370 3850 4250 4450 4450 4300 3970 3450 2830 2310 1860 1470
636A Beih  197610012 1140  950  950 1050 1250 1550 1820 1990 2070 2210 2410 2680
636A Beih  197610021 3020 3450 3900 4220 4380 4430 4280 3950 3420 2920 2390 1950
636A Beih  197610022 1590 1300 1130 1110 1210 1430 1720 1980 2160 2260 2370 2550
636A Beih  197610031 2800 3130 3540 3940 4260 4390 4410 4270 3920 3430 2900 2500
636A Beih  197610032 2080 1740 1460 1320 1340 1460 1680 1940 2170 2310 2360 2400
636A Beih  197610041 2530 2740 3020 3360 3700 4000 4210 4270 4140 3860 3460 2980
636A Beih  197610042 2510 2100 1820 1610 1540 1640 1810 2070 2270 2420 2480 2450
636A Beih  197610051 2420 2460 2600 2830 3100 3420 3730 3960 4060 3990 3790 3430
636A Beih  197610052 3000 2510 2090 1810 1680 1780 1860 2210 2490 2670 2690 2610
636A Beih  197610061 2560 2530 2480 2510 2700 3000 3360 3710 3960 4060 3990 3710
636A Beih  197610062 3340 2900 2470 2120 1950 1990 2230 2530 2790 2950 2990 2920
636A Beih  197610071 2750 2560 2320 2120 2110 2300 2660 3090 3490 3750 3790 3690
636A Beih  197610072 3480 3160 2770 2390 2110 2030 2160 2470 2820 3100 3210 3120
636A Beih  197610081 2920 2620 2290 1980 1720 1650 1840 2220 2670 3100 3390 3450
636A Beih  197610082 3320 3130 2890 2590 2320 2210 2290 2610 2980 3350 3570 3570
636A Beih  197610091 3370 3040 2630 2190 1780 1490 1420 1580 2000 2450 2850 3100
636A Beih  197610092 3160 3040 2850 2690 2470 2340 2440 2700 3100 3510 3810 3910
636A Beih  197610101 3780 3480 3060 2600 2060 1580 1300 1260 1510 1920 2310 2620
636A Beih  197610102 2800 2850 2760 2660 2560 2520 2590 2820 3200 3590 3940 4130
636A Beih  197610111 4130 3960 3630 3130 2570 2010 1570 1330 1360 1580 1920 2230
636A Beih  197610112 2480 2640 2670 2610 2560 2560 2620 2800 3100 3490 3900 4210
636A Beih  197610121 4330 4250 3970 3550 2980 2390 1920 1570 1420 1470 1670 1920
636A Beih  197610122 2210 2400 2500 2550 2550 2570 2650 2780 3070 3430 3810 4160
636A Beih  197610131 4400 4390 4210 3860 3340 2770 2240 1820 1500 1370 1320 1490
636A Beih  197610132 1670 1850 2050 2190 2210 2200 2280 2430 2650 2980 3410 3810
636A Beih  197610141 4070 4240 4160 3840 3440 2910 2360 1840 1480 1270 1190 1200
636A Beih  197610142 1350 1570 1760 1940 2080 2190 2270 2420 2630 2950 3330 3840
636A Beih  197610151 4110 4270 4290 4200 3880 3390 2860 2370 1870 1540 9999 9999
636A Beih  197610152 9999 9999 9999 9999 9999 9999 9999 9999 9999 9999 9999 9999
636A Beih  197610161 9999 9999 9999 9999 9999 9999 9999 9999 9999 9999 9999 9999
636A Beih  197610162 9999 9999 9999 9999 9999 9999 9999 9999 9999 9999 9999 9999
636A Beih  197610171 9999 9999 9999 9999 9999 9999 9999 9999 9999 9999 9999 9999
636A Beih  197610172 9999 9999 9999 9999 9999 9999 9999 9999 9999 9999 9999 9999
636A Beih  197610181 9999 9999 9999 9999 9999 9999 9999 9999 9999 9999 9999 9999
636A Beih  197610182 9999 9999 9999 9999 9999 9999 9999 9999 9999 9999 9999 9999
636A Beih  197610191 9999 3210 3480 3750 4000 4110 4070 3880 3560 3110 2660 2250
636A Beih  197610192 1920 1640 1450 1410 1510 1690 1940 2180 2300 2340 2360 2390
636A Beih  197610201 2470 2650 2890 3170 3480 3740 3830 3820 3760 3510 2990 2540
636A Beih  197610202 2230 1940 1690 1490 1550 1800 2090 2360 2520 2560 2450 2300
636A Beih  197610211 2220 2170 2210 2380 2680 3040 3390 3690 3830 3780 3510 3140
636A Beih  197610212 2700 2320 2020 1810 1830 2050 2460 2790 3010 3090 3000 2760
636A Beih  197610221 2490 2220 1960 1840 1980 2330 2790 3270 3640 3810 3750 3530
636A Beih  197610222 3220 2860 2510 2230 2180 2390 2770 3210 3590 3780 3700 3380
636A Beih  197610231 2960 2470 1990 1570 1320 1320 1620 2070 2580 3020 3280 3270
636A Beih  197610232 3050 2840 2610 2390 2270 2440 2860 3330 3830 4200 4260 3970
636A Beih  197610241 3560 2990 2360 1740 1160  740  580  700 1060 1500 1980 2240
636A Beih  197610242 2360 2310 2180 2070 2060 2190 2460 2840 3330 3840 4180 4270
636A Beih  197610251 4080 3650 3030 2360 1710 1120  700  560  680 1000 1450 1830
636A Beih  197610252 2110 2240 2240 2230 2300 2390 2660 3100 3610 4150 4590 4870
636A Beih  197610261 4900 4560 4070 3380 2650 2000 1420 1020  850  820 1020 1350
636A Beih  197610262 1740 2140 2200 2100 2190 2390 2680 3060 3530 4060 4580 4930
636A Beih  197610271 5080 4970 4620 4070 3370 2710 2130 1670 1310 1040 1020 1160
636A Beih  197610272 1370 1640 1850 2010 2130 2220 2380 2640 3000 3470 4040 4490
636A Beih  197610281 4780 4840 4730 4390 3800 3130 2540 2030 1560 1140  860  740
636A Beih  197610282  830 1080 1380 1610 1780 1940 2060 2270 2580 3010 3490 4000
636A Beih  197610291 4440 4720 4820 4680 4330 3800 3210 2640 2150 1740 1370 1140
636A Beih  197610292 1040 1070 1250 1510 1760 1980 2090 2160 2350 2660 3040 3480
636A Beih  197610301 3940 4300 4520 4580 4480 4190 3700 3150 2600 2160 1800 1510
636A Beih  197610302 1360 1310 1340 1510 1710 1950 2170 2290 2380 2520 2760 3080
636A Beih  197610311 3450 3820 4130 4320 4350 4200 3910 3480 2970 2500 2120 1810
636A Beih  197610312 1560 1420 1410 1520 1710 1900 2090 2210 2260 2320 2450 2640
636A Beih  197611011 2910 3210 3500 3770 3950 4010 3950 3750 3410 3000 2580 2190
636A Beih  197611012 1930 1780 1740 1850 2070 2290 2510 2650 2710 2690 2700 2710
636A Beih  197611021 2760 2880 3070 3310 3560 3750 3840 3780 3600 3340 2990 2580
636A Beih  197611022 2220 1970 1880 1950 2170 2430 2690 2920 3050 3030 2930 2810
636A Beih  197611031 2660 2540 2550 2690 2930 3210 3450 3560 3520 3350 3080 2770
636A Beih  197611032 2420 2140 1970 1980 2160 2480 2820 3100 3260 3280 3150 2920
636A Beih  197611041 2660 2390 2180 2100 2200 2450 2770 3070 3230 3240 3080 2860
636A Beih  197611042 2600 2340 2120 2000 2080 2340 2750 3110 3400 3490 3380 3090
636A Beih  197611051 2720 2310 1940 1620 1520 1650 1880 2210 2550 2740 2840 2750
636A Beih  197611052 2570 2400 2270 2200 2290 2600 2970 3330 3650 3850 3860 3640
636A Beih  197611061 3280 2830 2270 1730 1410 1340 1490 1770 2060 2350 2580 2660
636A Beih  197611062 2620 2530 2470 2430 2510 2730 3100 3510 3930 4220 4320 4230
636A Beih  197611071 4000 3420 2850 2280 1830 1530 1430 1540 1770 2050 2330 2520
636A Beih  197611072 2600 2610 2580 2550 2610 2770 3080 3490 3930 4280 4460 4440
636A Beih  197611081 4210 3800 3240 2670 2140 1720 1410 1340 1460 1670 1970 2240
636A Beih  197611082 2420 2520 2540 2530 2590 2770 3040 3420 3880 4280 4580 4670
636A Beih  197611091 4510 4140 3620 3050 2510 2010 1640 1380 1330 1430 1650 1910
636A Beih  197611092 2160 2330 2410 2430 2490 2640 2900 3250 3670 4100 4480 4670
636A Beih  197611101 4610 4360 3920 3360 2780 2240 1800 1440 1230 1210 1340 1560
636A Beih  197611102 1820 2050 2210 2290 2340 2440 2680 3010 3380 3800 4180 4440
636A Beih  197611111 4530 4330 4030 3480 2910 2360 1870 1470 1180 1040 1020 1120
636A Beih  197611112 1370 1610 1820 1920 2000 2130 2350 2650 3040 3510 3970 4340
636A Beih  197611121 4520 4540 4350 3980 3460 2900 2310 1880 1530 1340 1290 1370
636A Beih  197611122 1520 1720 1960 2130 2230 2300 2440 2700 3070 3460 3910 4320
636A Beih  197611131 4600 4660 4550 4290 3760 3180 2610 2070 1620 1290 1090  990
636A Beih  197611132  940 1040 1270 1460 1620 1730 1790 1910 2180 2500 2670 3260
636A Beih  197611141 3420 3710 3800 3770 3470 3100 2630 2200 1730 1420 1210 1110
636A Beih  197611142 1120 1230 1480 1760 2050 2230 2410 2570 2740 2990 3260 3540
636A Beih  197611151 3850 4100 4200 4200 4040 3680 3280 2810 2340 1930 1620 1420
636A Beih  197611152 1330 1390 1540 1800 2090 2280 2410 2480 2530 2660 2880 3110
636A Beih  197611161 3360 3610 3820 3860 3840 3750 3520 3130 2680 2270 1820 1490
636A Beih  197611162 1370 1290 1300 1410 1650 1820 1950 2070 2140 2140 2140 2270
636A Beih  197611171 2450 2640 2820 2980 3130 3210 3130 2930 2630 2300 2010 1750
636A Beih  197611172 1530 1460 1580 1830 2130 2410 2640 2770 2780 2690 2620 2570
636A Beih  197611181 2480 2430 2500 2670 2890 3070 3140 3080 2940 2710 2420 2130
636A Beih  197611182 1910 1820 1880 2110 2460 2830 3140 3320 3350 3260 3080 2820
636A Beih  197611191 2570 2210 2040 2060 2180 2430 2690 2870 2930 2830 2620 2380
636A Beih  197611192 2140 1950 1910 2080 2430 2830 3200 3440 3470 3300 3070 2750
636A Beih  197611201 2260 1770 1330  970  880 1040 1400 1730 1920 2080 2150 2140
636A Beih  197611202 2080 2000 2050 2190 2490 2947 3465 3929 4227 4282 4082 3671
636A Beih  197611211 3130 2550 1950 1470 1130  960 1040 1300 1610 1940 2170 2270
636A Beih  197611212 2270 2240 2280 2460 2780 3180 3690 4220 4640 4810 4750 4490
636A Beih  197611221 4020 3370 2670 2010 1480 1060  840  830 1030 1350 1650 1870
636A Beih  197611222 1970 1990 1990 2080 2340 2720 3210 3750 4270 4630 4760 4660
636A Beih  197611231 4360 3830 3170 2510 1890 1360  960  760  830 1060 1340 1640
636A Beih  197611232 1860 2010 2090 2180 2390 2750 3150 3660 4180 4660 4940 5020
636A Beih  197611241 4900 4460 3830 3130 2470 1870 1340  930  750  790 1010 1310
636A Beih  197611242 1610 1850 1980 2060 2250 2570 2950 3400 3930 4430 4840 5060
636A Beih  197611251 5080 4820 4340 3670 3030 2370 1800 1270  870  640  620  770
636A Beih  197611252 1030 1300 1510 1690 1820 2040 2380 2790 3270 3810 4300 4670
636A Beih  197611261 4890 4860 4590 4090 3520 2940 2420 1920 1480 1150 1000 1020
636A Beih  197611262 1180 1420 1630 1800 1930 2030 2200 2470 2810 3230 3690 4100
636A Beih  197611271 4410 4510 4420 4140 3710 3180 2630 2150 1750 1400 1170 1120
636A Beih  197611272 1220 1400 1600 1850 2030 2160 2260 2420 2660 2960 3310 3680
636A Beih  197611281 3960 4180 4230 4160 3930 3550 3100 2630 2190 1840 1590 1460
636A Beih  197611282 1470 1570 1730 1960 2200 2380 2470 2520 2620 2800 3010 3220
636A Beih  197611291 3470 3710 3870 3900 3780 3540 3220 2820 2410 2060 1800 1630
636A Beih  197611292 1600 1680 1860 2120 2390 2600 2700 2720 2740 2790 2850 2930
636A Beih  197611301 3070 3280 3440 3550 3550 3460 3260 2940 2580 2230 1960 1750
636A Beih  197611302 1660 1700 1880 2130 2410 2660 2800 2880 2860 2800 2740 2690
636A Beih  197612011 2640 2700 2840 3000 3080 3120 3100 2950 2720 2420 2180 2010
636A Beih  197612012 1930 1940 2080 2350 2660 2950 3170 3270 3200 3050 2860 2630
636A Beih  197612021 2420 2230 2120 2160 2330 2490 2570 2580 2500 2330 2180 2040
636A Beih  197612022 1970 2000 2160 2430 2780 3160 3490 3700 3730 3590 3360 3020
636A Beih  197612031 2640 2350 2100 1960 1930 1990 2100 2180 2240 2230 2170 2080
636A Beih  197612032 2030 2070 2230 2470 2790 3180 3550 3850 4030 4030 3870 3550
636A Beih  197612041 3060 2580 2170 1860 1670 1600 1630 1740 1880 2010 2090 2130
636A Beih  197612042 2140 2180 2270 2480 2780 3160 3580 3970 4230 4310 4210 3940
636A Beih  197612051 3460 2930 2440 2000 1680 1470 1410 1480 1630 1830 1990 2110
636A Beih  197612052 2200 2260 2330 2490 2740 3090 3500 3910 4230 4410 4380 4180
636A Beih  197612061 3800 3540 2940 2420 1920 1530 1220 1090 1130 1300 1500 1660
636A Beih  197612062 1820 1940 2020 2160 2380 2670 3040 3490 3920 4270 4420 4380
636A Beih  197612071 3872 3210 2660 2140 1710 1400 1220 1200 1340 1560 1790 1990
636A Beih  197612072 2150 2250 2310 2420 2670 3030 3410 3850 4260 4520 4560 4420
636A Beih  197612081 4080 3650 3090 2530 1970 1500 1070  770  680  750  920 1130
636A Beih  197612082 1320 1490 1610 1710 1930 2240 2580 2940 3380 3740 4010 4160
636A Beih  197612091 4110 3800 3390 2840 2310 1800 1410 1130 1020 1060 1230 1470
636A Beih  197612092 1710 1960 2130 2280 2430 2670 3000 3370 3820 4220 4510 4630
636A Beih  197612101 4590 4320 3880 3320 2790 2260 1780 1360 1100 1020 1080 1280
636A Beih  197612102 1540 1790 1950 2080 2210 2420 2700 3040 3440 3870 4250 4500
636A Beih  197612111 4560 4440 4110 3610 3090 2570 2080 1650 1250 1050 1000 1070
636A Beih  197612112 1300 1560 1760 1920 2020 2160 2380 2680 3020 3430 3810 4150
636A Beih  197612121 4350 4330 4140 3790 3310 2800 2290 1870 1480 1180 1020 1050
636A Beih  197612122 1220 1470 1680 1840 1950 2060 2200 2430 2710 3050 3420 3750
636A Beih  197612131 4020 4130 4080 3830 3470 3010 2530 2090 1720 1420 1210 1180
636A Beih  197612132 1290 1480 1730 1930 2090 2180 2230 2310 2490 2700 2960 3270
636A Beih  197612141 3570 3800 3880 3810 3600 3240 2810 2390 2020 1750 1560 1460
636A Beih  197612142 1540 1770 2030 2290 2480 2600 2620 2630 2680 2770 2900 3070
636A Beih  197612151 3290 3480 3610 3650 3590 3380 3050 2670 2300 1980 1750 1620
636A Beih  197612152 1640 1830 2100 2410 2650 2820 2880 2840 2760 2670 2610 2580
636A Beih  197612161 2650 2780 2940 3080 3170 3130 2950 2670 2360 2060 1820 1680
636A Beih  197612162 1680 1820 2130 2510 2860 3120 3220 3150 2970 2740 2480 2210
636A Beih  197612171 1980 1910 1970 2090 2250 2390 2430 2340 2160 1980 1800 1690
636A Beih  197612172 1710 1890 2220 2700 3160 3560 3780 3830 3720 3460 3060 2630
636A Beih  197612181 2220 1880 1640 1550 1610 1720 1840 1940 2000 1980 1900 1810
636A Beih  197612182 1800 1910 2190 2590 3070 3550 3960 4220 4260 4110 3750 3240
636A Beih  197612191 2700 2190 1740 1420 1220 1190 1280 1470 1710 1880 1960 2000
636A Beih  197612192 2030 2120 2320 2660 3100 3600 4100 4500 4690 4650 4390 3900
636A Beih  197612201 3330 2730 2130 1630 1190  890  800  870 1110 1390 1600 1750
636A Beih  197612202 1830 1920 2110 2430 2820 3320 3890 4410 4770 4890 4780 4440
636A Beih  197612211 3940 3290 2670 2090 1540 1050  700  620  710  980 1280 1490
636A Beih  197612212 1670 1790 1940 2190 2530 2970 3490 4060 4570 4900 4980 4820
636A Beih  197612221 4420 3850 3210 2550 1970 1400  890  560  490  640  900 1170
636A Beih  197612222 1410 1580 1700 1900 2210 2580 3060 3630 4230 4730 5020 5070
636A Beih  197612231 4880 4440 3830 3210 2600 2030 1480 1000  730  690  820 1070
636A Beih  197612232 1340 1540 1670 1800 1990 2280 2660 3140 3680 4240 4680 4920
636A Beih  197612241 4890 4680 4200 3620 3030 2470 1920 1450 1050  840  850 1020
636A Beih  197612242 1250 1470 1630 1750 1850 2020 2290 2650 3090 3600 4070 4460
636A Beih  197612251 4660 4600 4330 3880 3310 2770 2240 1780 1380 1070  940  970
636A Beih  197612252 1130 1340 1460 1560 1610 1650 1760 1950 2230 2570 2950 3350
636A Beih  197612261 3740 3920 3790 3530 3190 2650 2120 1660 1320  980  870  960
636A Beih  197612262 1160 1440 1670 1880 1980 2030 2130 2250 2440 2750 3140 3380
636A Beih  197612271 3600 3790 3870 3740 3450 3000 2500 2030 1590 1280 1120 1130
636A Beih  197612272 1250 1430 1650 1860 1960 1990 1950 1950 2010 2130 2300 2510
636A Beih  197612281 2800 3010 3130 3180 3080 2880 2570 2190 1830 1610 1520 1580
636A Beih  197612282 1800 2010 2260 2500 2680 2760 2780 2730 2680 2610 2550 2560
636A Beih  197612291 2680 2810 2870 2890 2820 2650 2420 2150 1950 1750 1590 1590
636A Beih  197612292 1740 1980 2250 2540 2810 2990 3080 3080 3010 2940 2820 2690
636A Beih  197612301 2590 2590 2600 2650 2630 2550 2440 2270 2070 1930 1830 1810
636A Beih  197612302 1930 2160 2400 2690 2980 3210 3320 3350 3230 3030 2750 2440
636A Beih  197612311 2180 1990 1890 1870 1850 1830 1820 1800 1760 1700 1700 1790
636A Beih  197612312 1940 2170 2500 2840 3150 3430 3660 3740 3690 3510 3190 2760
