636A Beihai             China               1975 21290N 109050E 0000 3 00000R MM
636A Beih  197501011 4950 4770 4320 3700 3070 2460 1900 1400  990  810  800  950
636A Beih  197501012 1160 1340 1480 1540 1600 1780 2020 2310 2750 3270 3790 4200
636A Beih  197501021 4450 4390 4110 3650 3090 2550 1990 1470 1070  830  810 1000
636A Beih  197501022 1260 1500 1640 1710 1710 1730 1870 2090 2400 2780 3210 3610
636A Beih  197501031 3920 4120 4110 3880 3480 2970 2400 1890 1520 1300 1280 1390
636A Beih  197501032 1580 1830 2040 2160 2160 2080 2040 2000 2060 2250 2550 2910
636A Beih  197501041 3240 3480 3600 3540 3360 3020 2570 2100 1750 1550 1510 1670
636A Beih  197501042 1960 2260 2520 2670 2740 2700 2620 2530 2400 2370 2470 2630
636A Beih  197501051 2890 3150 3300 3290 3180 2930 2610 2340 2060 1810 1730 1820
636A Beih  197501052 2100 2480 2860 3100 3210 3190 3030 2870 2670 2360 2120 2030
636A Beih  197501061 2050 2190 2320 2460 2490 2450 2370 2220 2050 1980 1940 2040
636A Beih  197501062 2300 2660 3080 3440 3690 3900 3930 3760 3470 3110 2690 2260
636A Beih  197501071 2020 1880 1850 1840 1880 1910 1950 1980 1970 1950 1940 2030
636A Beih  197501072 2270 2600 3010 3440 3870 4170 4310 4290 4070 3690 3190 2720
636A Beih  197501081 2280 1930 1670 1490 1360 1350 1370 1440 1550 1660 1730 1820
636A Beih  197501082 2010 2310 2680 3100 3560 4010 4330 4430 4320 4060 3660 3150
636A Beih  197501091 2640 2160 1760 1380 1130  960  940 1000 1150 1330 1490 1620
636A Beih  197501092 1760 1980 2320 2700 3160 3620 4080 4350 4410 4300 4010 3530
636A Beih  197501101 3020 2490 2000 1540 1210  910  780  840 1000 1180 1400 1570
636A Beih  197501102 1640 1790 2120 2540 2970 3480 4000 4400 4610 4640 4470 4090
636A Beih  197501111 3620 3000 2470 1980 1560 1160  900  870  950 1170 1290 1460
636A Beih  197501112 1590 1730 1920 2200 2580 3110 3600 4050 4390 4570 4530 4270
636A Beih  197501121 3860 3260 2720 2190 1670 1280  970  830  860 1030 1250 1460
636A Beih  197501122 1600 1750 1870 2100 2460 2860 3340 3830 4290 4580 4680 4500
636A Beih  197501131 4250 3780 3220 2620 2100 1660 1290 1060  970 1040 1250 1450
636A Beih  197501132 1620 1800 1870 1950 2260 2610 3030 3510 3990 4400 4630 4650
636A Beih  197501141 4480 4100 3590 3010 2440 1980 1580 1270 1100 1090 1220 1440
636A Beih  197501142 1620 1740 1830 1900 2050 2320 2650 3070 3540 4000 4330 4470
636A Beih  197501151 4380 4120 3710 3170 2650 2130 1710 1350 1120 1060 1120 1290
636A Beih  197501152 1460 1590 1670 1690 1750 1900 2110 2450 2840 3290 3670 3960
636A Beih  197501161 4070 3970 3670 3250 2780 2310 1900 1550 1320 1220 1250 1410
636A Beih  197501162 1680 1820 1920 2010 2050 2100 2210 2430 2740 3090 3470 3770
636A Beih  197501171 3970 4010 3820 3500 3080 2600 2170 1820 1560 1430 1450 1570
636A Beih  197501172 1760 1980 2090 2190 2180 2160 2140 2230 2400 2640 3000 3240
636A Beih  197501181 3430 3570 3550 3420 3120 2670 2260 1880 1530 1350 1470 1670
636A Beih  197501182 1940 2130 2210 2240 2270 2270 2190 2130 2210 2370 2560 2770
636A Beih  197501191 3010 3250 3290 3140 2880 2600 2230 1900 1680 1570 1640 1840
636A Beih  197501192 2110 2320 2490 2580 2610 2580 2430 2290 2220 2240 2350 2540
636A Beih  197501201 2750 2910 3010 3010 2900 2690 2430 2170 1950 1830 1910 2140
636A Beih  197501202 2410 2690 2940 3110 3190 3190 3080 2910 2710 2490 2350 2350
636A Beih  197501211 2410 2520 2630 2670 2550 2330 2120 1870 1700 1570 1590 1800
636A Beih  197501212 2040 2350 2650 2870 3030 3070 2960 2770 2520 2200 1880 1650
636A Beih  197501221 1570 1580 1620 1680 1740 1780 1780 1770 1820 1890 2000 2210
636A Beih  197501222 2500 2880 3220 3540 3820 3970 3950 3790 3530 3110 2680 2270
636A Beih  197501231 2000 1770 1590 1460 1420 1430 1440 1480 1600 1720 1830 2030
636A Beih  197501232 2330 2700 3090 3500 3900 4180 4310 4260 4060 3690 3190 2720
636A Beih  197501241 2340 1970 1680 1410 1250 1190 1180 1270 1440 1570 1700 1880
636A Beih  197501242 2140 2450 2830 3290 3770 4150 4440 4500 4380 4090 3670 3130
636A Beih  197501251 2650 2140 1740 1340 1050  870  850  930 1070 1270 1440 1610
636A Beih  197501252 1830 2130 2510 2940 3410 3940 4360 4630 4690 4510 4160 3670
636A Beih  197501261 3110 2600 2100 1620 1190  830  680  710  870 1060 1260 1420
636A Beih  197501262 1580 1790 2100 2510 3010 3500 4030 4470 4730 4730 4560 4220
636A Beih  197501271 3690 3020 2400 1770 1240  840  570  560  680  910 1120 1290
636A Beih  197501272 1450 1600 1780 2110 2490 2960 3490 4030 4520 4770 4710 4580
636A Beih  197501281 4300 3760 3110 2540 1970 1470 1090  880  900 1040 1280 1520
636A Beih  197501282 1670 1770 1860 2020 2290 2620 3090 3630 4150 4630 4870 4900
636A Beih  197501291 4760 4310 3680 3030 2430 1900 1440 1130 1020 1080 1300 1540
636A Beih  197501292 1700 1770 1780 1760 1840 2080 2440 2870 3410 3980 4450 4730
636A Beih  197501301 4760 4530 4050 3470 2830 2250 1790 1430 1230 1250 1410 1630
636A Beih  197501302 1830 1920 1910 1790 1710 1750 1910 2230 2630 3160 3650 4090
636A Beih  197501311 4370 4390 4160 3730 3210 2660 2150 1770 1570 1550 1710 1940
636A Beih  197501312 2190 2320 2320 2200 2000 1820 1700 1740 2000 2370 2880 3170
636A Beih  197502011 3600 3870 3920 3760 3450 3020 2540 2130 1860 1830 2030 2350
636A Beih  197502012 2640 2880 2960 2870 2650 2370 2060 1750 1610 1670 1960 2380
636A Beih  197502021 2780 3140 3300 3250 3050 2790 2490 2160 1890 1830 2000 2410
636A Beih  197502022 2860 3270 3540 3550 3340 3040 2700 2320 1940 1690 1630 1720
636A Beih  197502031 1940 2250 2490 2620 2600 2430 2220 2030 1840 1780 1920 2270
636A Beih  197502032 2700 3200 3630 3900 3930 3780 3490 3080 2640 2190 1870 1670
636A Beih  197502041 1640 1680 1810 1930 2020 2030 1970 1860 1780 1770 1880 2150
636A Beih  197502042 2530 3020 3450 3870 4110 4190 4060 3780 3350 2870 2390 2010
636A Beih  197502051 1710 1530 1410 1370 1430 1490 1510 1550 1660 1720 1800 2010
636A Beih  197502052 2360 2740 3190 3650 4060 4330 4420 4270 3970 3570 3080 2630
636A Beih  197502061 2220 1890 1600 1370 1230 1180 1230 1330 1440 1560 1680 1820
636A Beih  197502062 2080 2390 2760 3180 3640 4000 4240 4300 4160 3860 3440 2970
636A Beih  197502071 2480 2050 1690 1320 1030  870  870  970 1090 1250 1430 1580
636A Beih  197502072 1740 2020 2350 2740 3140 3570 3910 4090 4120 3940 3610 3160
636A Beih  197502081 2670 2180 1700 1300  950  730  620  630  800 1030 1240 1350
636A Beih  197502082 1510 1700 1960 2370 2760 3180 3570 3990 4210 4230 4070 3800
636A Beih  197502091 3260 2670 2140 1640 1280  970  770  760  910 1090 1260 1440
636A Beih  197502092 1570 1710 1880 2150 2480 2880 3330 3790 4130 4300 4310 4150
636A Beih  197502101 3770 3240 2690 2160 1780 1420 1240 1150 1230 1420 1570 1660
636A Beih  197502102 1750 1830 1920 2060 2270 2600 3020 3410 3820 4080 4240 4220
636A Beih  197502111 3940 3370 2840 2320 1860 1460 1220 1120 1140 1260 1500 1680
636A Beih  197502112 1770 1780 1810 1900 2080 2340 2680 3100 3540 3970 4180 4210
636A Beih  197502121 4080 3750 3270 2690 2220 1780 1460 1310 1310 1420 1610 1740
636A Beih  197502122 1860 1900 1860 1850 1900 2070 2370 2720 3060 3500 3820 4080
636A Beih  197502131 4130 3890 3460 2960 2490 2010 1710 1530 1530 1590 1810 2030
636A Beih  197502132 2160 2210 2150 2060 1980 2010 2180 2450 2800 3190 3590 3870
636A Beih  197502141 3990 3900 3600 3180 2700 2240 1860 1650 1610 1720 1880 2090
636A Beih  197502142 2260 2290 2260 2160 2010 1890 1900 2060 2380 2780 3180 3500
636A Beih  197502151 3660 3720 3600 3280 2910 2500 2130 1900 1800 1860 2030 2230
636A Beih  197502152 2360 2450 2380 2230 2050 1860 1710 1690 1800 2070 2410 2740
636A Beih  197502161 3030 3210 3190 3020 2780 2460 2140 1910 1880 2030 2320 2600
636A Beih  197502162 2810 2930 2910 2740 2550 2380 2120 1880 1860 2000 2280 2600
636A Beih  197502171 2850 3040 3060 2960 2820 2610 2340 2140 2050 2120 2390 2710
636A Beih  197502172 3020 3240 3300 3180 2980 2680 2340 2010 1710 1580 1610 1800
636A Beih  197502181 2090 2330 2420 2380 2260 2020 1920 1920 1850 1960 2200 2520
636A Beih  197502182 2870 3190 3420 3470 3360 3140 2850 2470 2040 1750 1600 1620
636A Beih  197502191 1730 1870 2010 2130 2150 2070 1990 1970 2050 2150 2310 2590
636A Beih  197502192 2940 3290 3590 3780 3800 3660 3380 2980 2530 2060 1730 1510
636A Beih  197502201 1330 1280 1330 1430 1520 1580 1650 1730 1800 1890 2100 2450
636A Beih  197502202 2810 3230 3630 3950 4100 4100 3970 3680 3250 2790 2320 1990
636A Beih  197502211 1710 1520 1410 1380 1400 1460 1580 1730 1840 1960 2150 2400
636A Beih  197502212 2730 3110 3510 3920 4200 4310 4250 4070 3730 3290 2790 2320
636A Beih  197502221 1940 1570 1300 1110 1050 1090 1220 1410 1590 1740 1920 2140
636A Beih  197502222 2460 2830 3270 3740 4170 4490 4630 4590 4390 4030 3550 3030
636A Beih  197502231 2550 2130 1720 1410 1220 1140 1190 1320 1530 1720 1880 2040
636A Beih  197502232 2230 2490 2870 3310 3770 4210 4550 4710 4680 4480 4090 3570
636A Beih  197502241 3050 2490 2020 1590 1280 1080 1050 1170 1370 1610 1800 1920
636A Beih  197502242 2030 2230 2510 2850 3260 3740 4200 4580 4780 4740 4480 4020
636A Beih  197502251 3510 2970 2440 1950 1480 1120  920  940 1130 1360 1510 1620
636A Beih  197502252 1680 1730 1880 2130 2450 2860 3360 3860 4290 4580 4610 4390
636A Beih  197502261 3970 3430 2890 2360 1890 1500 1220 1160 1280 1500 1700 1800
636A Beih  197502262 1820 1740 1690 1750 1900 2170 2590 3060 3570 4030 4370 4470
636A Beih  197502271 4290 3910 3420 2860 2350 1900 1610 1520 1600 1800 2030 2190
636A Beih  197502272 2220 2100 1890 1690 1580 1580 1810 2220 2710 3220 3690 4030
636A Beih  197502281 4140 3990 3680 3260 2760 2290 1940 1820 1900 2150 2450 2690
636A Beih  197502282 2770 2650 2370 2070 1760 1470 1330 1470 1860 2370 2890 3320
636A Beih  197503011 3600 3720 3630 3390 3040 2640 2260 2040 2090 2410 2840 3210
636A Beih  197503012 3420 3380 3110 2790 2420 1980 1560 1280 1250 1510 1950 2440
636A Beih  197503021 2860 3150 3210 3110 2920 2700 2420 2240 2240 2510 2960 3440
636A Beih  197503022 3830 4020 3890 3570 3180 2750 2240 1780 1420 1280 1370 1650
636A Beih  197503031 2040 2360 2570 2640 2560 2440 2300 2230 2280 2490 2870 3310
636A Beih  197503032 3770 4090 4260 4210 3920 3510 3040 2520 2030 1660 1420 1380
636A Beih  197503041 1520 1780 1990 2150 2270 2300 2220 2170 2250 2410 2690 3090
636A Beih  197503042 3520 3920 4240 4380 4310 4030 3600 3110 2580 2120 1730 1470
636A Beih  197503051 1330 1300 1370 1520 1680 1800 1900 1970 2050 2190 2440 2760
636A Beih  197503052 3180 3610 4020 4290 4360 4270 4030 3630 3160 2700 2280 1900
636A Beih  197503061 1540 1310 1190 1180 1250 1380 1550 1680 1820 1980 2180 2440
636A Beih  197503062 2770 3140 3550 3910 4110 4170 4050 3790 3410 2960 2500 2060
636A Beih  197503071 1650 1270 1010  810  780  860 1010 1260 1490 1650 1790 2000
636A Beih  197503072 2320 2650 3030 3430 3810 4070 4250 4260 4070 3740 3330 2800
636A Beih  197503081 2340 1980 1690 1430 1280 1260 1340 1520 1720 1930 2120 2220
636A Beih  197503082 2400 2670 2990 3320 3700 4030 4270 4370 4320 4120 3760 3320
636A Beih  197503091 2850 2410 2060 1760 1560 1380 1220 1250 1440 1630 1780 1880
636A Beih  197503092 1970 2140 2350 2580 2930 3350 3680 3920 4020 3950 3750 3420
636A Beih  197503101 3020 2530 2110 1770 1520 1390 1340 1400 1530 1690 1830 1910
636A Beih  197503102 2020 2100 2220 2390 2640 2960 3330 3640 3890 4000 3920 3660
636A Beih  197503111 3240 2830 2420 2050 1790 1560 1460 1460 1600 1730 1860 1940
636A Beih  197503112 2010 2000 2000 2090 2260 2530 2890 3260 3610 3840 3930 3840
636A Beih  197503121 3550 3180 2770 2350 2040 1820 1730 1790 1930 2100 2240 2320
636A Beih  197503122 2340 2260 2150 2100 2140 2340 2660 3020 3410 3760 3950 3960
636A Beih  197503131 3770 3490 3110 2680 2320 2050 1940 1960 2100 2260 2400 2480
636A Beih  197503132 2460 2320 2120 1920 1790 1810 2010 2340 2720 3100 3380 3490
636A Beih  197503141 3440 3280 2990 2600 2190 1850 1650 1600 1790 2060 2220 2320
636A Beih  197503142 2280 2100 1830 1580 1290 1060 1030 1170 1470 1920 2310 2560
636A Beih  197503151 2740 2790 2720 2560 2310 2070 1920 1930 2210 2510 2820 3040
636A Beih  197503152 3100 2980 2690 2410 2090 1650 1460 1420 1600 1990 2350 2630
636A Beih  197503161 2850 3020 2930 2760 2570 2400 2190 2190 2430 2750 3070 3380
636A Beih  197503162 3510 3410 3170 2830 2470 2060 1670 1450 1470 1640 2070 2450
636A Beih  197503171 2710 2870 2850 2730 2570 2500 2420 2400 2570 2930 3260 3570
636A Beih  197503172 3810 3820 3600 3260 2830 2350 1890 1520 1330 1370 1590 1880
636A Beih  197503181 2210 2450 2560 2550 2500 2430 2400 2450 2610 2870 3250 3610
636A Beih  197503182 3930 4090 4010 3760 3370 2900 2370 1940 1590 1370 1330 1460
636A Beih  197503191 1640 1860 2040 2200 2230 2220 2210 2290 2460 2700 3030 3400
636A Beih  197503192 3780 4050 4130 3980 3700 3300 2780 2210 1810 1460 1190 1050
636A Beih  197503201 1060 1200 1370 1550 1690 1840 1920 2020 2220 2480 2840 3280
636A Beih  197503202 3690 4020 4210 4210 4030 3690 3250 2770 2330 1940 1670 1360
636A Beih  197503211 1290 1210 1210 1340 1510 1670 1830 1950 2110 2340 2600 2950
636A Beih  197503212 3350 3740 4060 4270 4310 4180 3880 3480 3020 2570 2140 1820
636A Beih  197503221 1530 1310 1210 1230 1380 1570 1750 1950 2140 2270 2490 2820
636A Beih  197503222 3170 3550 3920 4210 4400 4380 4210 3910 3490 3000 2500 2090
636A Beih  197503231 1680 1300 1030  890  900 1010 1220 1490 1660 1810 1990 2240
636A Beih  197503232 2520 2870 3250 3650 4000 4220 4270 4180 3940 3540 3050 2580
636A Beih  197503241 2170 1770 1450 1210 1100 1120 1290 1520 1720 1880 1990 2110
636A Beih  197503242 2310 2540 2820 3180 3570 3940 4220 4340 4280 4080 3680 3180
636A Beih  197503251 2700 2240 1880 1560 1400 1400 1540 1750 1970 2120 2180 2190
636A Beih  197503252 2220 2300 2450 2700 3030 3410 3820 4160 4320 4280 4040 3650
636A Beih  197503261 3190 2680 2250 1890 1630 1510 1580 1740 1990 2160 2210 2140
636A Beih  197503262 2030 1900 1840 1920 2120 2460 2910 3330 3750 4020 4090 3970
636A Beih  197503271 3720 3230 2760 2350 2020 1840 1910 2160 2400 2590 2680 2640
636A Beih  197503272 2450 2170 1870 1620 1510 1630 1990 2450 2970 3390 3700 3810
636A Beih  197503281 3750 3510 3150 2760 2390 2150 2170 2450 2840 3190 3390 3350
636A Beih  197503282 3120 2760 2360 1950 1530 1250 1200 1470 1920 2460 2940 3250
636A Beih  197503291 3370 3260 3070 2830 2570 2340 2320 2510 2880 3290 3690 3850
636A Beih  197503292 3670 3250 2780 2270 1760 1270  880  730  910 1340 1790 2150
636A Beih  197503301 2450 2630 2840 2630 2390 2230 2290 2600 2900 3340 3820 4120
636A Beih  197503302 4160 3980 3670 3150 2550 1980 1460 1060  850  840 1080 1480
636A Beih  197503311 1800 2040 2140 2140 2130 2170 2240 2430 2750 3180 3650 4040
636A Beih  197503312 4300 4320 4130 3750 3190 2610 2060 1580 1190  980  980 1110
636A Beih  197504011 1370 1640 1850 2030 2090 2100 2180 2340 2630 3010 3410 3870
636A Beih  197504012 4230 4370 4320 4090 3640 3100 2540 2040 1590 1210  940  860
636A Beih  197504021  980 1170 1380 1590 1770 1900 2010 2180 2440 2750 3160 3620
636A Beih  197504022 4070 4420 4530 4470 4230 3850 3310 2770 2290 1870 1540 1290
636A Beih  197504031 1160 1180 1310 1470 1650 1820 1950 2080 2270 2540 2900 3280
636A Beih  197504032 3710 4110 4380 4470 4380 4150 3770 3290 2820 2370 2000 1690
636A Beih  197504041 1450 1310 1260 1320 1490 1690 1900 2090 2270 2450 2650 2940
636A Beih  197504042 3290 3650 3990 4190 4270 4200 3960 3600 3170 2770 2350 1980
636A Beih  197504051 1620 1350 1190 1130 1220 1430 1650 1870 2080 2240 2400 2610
636A Beih  197504052 2890 3180 3470 3820 4030 4100 4010 3790 3470 3060 2660 2280
636A Beih  197504061 1940 1610 1340 1190 1170 1270 1510 1750 1930 2090 2230 2360
636A Beih  197504062 2540 2790 3060 3340 3630 3840 3960 3940 3740 3430 3090 2720
636A Beih  197504071 2360 2060 1790 1590 1490 1520 1670 1840 2020 2170 2240 2300
636A Beih  197504072 2350 2460 2590 2780 3030 3270 3470 3640 3620 3430 2970 2620
636A Beih  197504081 2310 1940 1660 1490 1410 1430 1520 1700 1940 2160 2290 2290
636A Beih  197504082 2160 2050 2070 2230 2450 2690 2950 3210 3430 3550 3450 3220
636A Beih  197504091 2930 2570 2220 1970 1830 1830 1990 2150 2320 2480 2560 2540
636A Beih  197504092 2410 2260 2100 1980 2050 2310 2600 2930 3220 3420 3490 3360
636A Beih  197504101 3080 2790 2480 2210 2020 1990 2120 2320 2550 2750 2810 2720
636A Beih  197504102 2520 2260 1990 1740 1620 1660 1890 2260 2660 3010 3230 3280
636A Beih  197504111 3160 2940 2690 2450 2240 2160 2290 2530 2810 3040 3150 3050
636A Beih  197504112 2810 2470 2090 1720 1470 1330 1250 1360 1680 2220 2520 2800
636A Beih  197504121 2760 2740 2530 2240 2200 2210 2290 2650 2920 3210 3400 3380
636A Beih  197504122 3220 2900 2480 2070 1680 1370 1250 1280 1430 1610 2180 2420
636A Beih  197504131 2580 2600 2520 2480 2470 2510 2650 3040 3170 3510 3750 3860
636A Beih  197504132 3720 3340 2860 2360 1920 1480 1170  920  980 1210 1610 1850
636A Beih  197504141 1900 1920 2070 1920 1810 1950 2200 2470 2850 3210 3550 3770
636A Beih  197504142 3790 3490 2990 2600 2120 1620 1130  880  680  640 1000 1250
636A Beih  197504151 1480 2090 2170 2140 2180 2340 2560 2780 3030 3370 3730 4000
636A Beih  197504152 4230 4180 3860 3380 2870 2340 1850 1460 1130  990 1000 1170
636A Beih  197504161 1450 1750 1930 2040 2130 2240 2420 2640 2950 3310 3710 4060
636A Beih  197504162 4260 4310 4130 3760 3270 2740 2210 1770 1350 1040  890  910
636A Beih  197504171 1050 1270 1530 1740 1880 1980 2160 2420 2710 3060 3470 3880
636A Beih  197504172 4210 4370 4330 4110 3710 3240 2740 2250 1830 1410 1110  950
636A Beih  197504181  950 1080 1270 1480 1670 1830 2000 2200 2450 2780 3150 3570
636A Beih  197504182 3930 4210 4360 4260 4010 3630 3160 2680 2220 1820 1460 1140
636A Beih  197504191 1000 1010 1100 1270 1500 1700 1870 2040 2240 2500 2790 3160
636A Beih  197504192 3510 3860 4100 4150 4080 3850 3430 2970 2500 2090 1670 1300
636A Beih  197504201 1030  870  870  980 1180 1420 1640 1810 1970 2150 2420 2710
636A Beih  197504202 3040 3430 3760 4010 4100 4040 3870 3530 3120 2680 2240 1870
636A Beih  197504211 1540 1260 1140 1130 1230 1430 1660 1850 1980 2070 2200 2370
636A Beih  197504212 2590 2850 3160 3470 3730 3890 3920 3810 3530 3150 2720 2310
636A Beih  197504221 1930 1670 1460 1380 1460 1650 1890 2080 2160 2180 2140 2140
636A Beih  197504222 2190 2300 2500 2780 3050 3370 3590 3700 3670 3510 3150 2730
636A Beih  197504231 2330 1960 1730 1630 1760 1990 2260 2490 2620 2640 2520 2340
636A Beih  197504232 2170 2020 1970 2110 2370 2750 3120 3410 3580 3600 3460 3190
636A Beih  197504241 2820 2450 2130 1970 1990 2230 2610 2940 3170 3200 3050 2810
636A Beih  197504242 2470 2090 1740 1530 1550 1810 2200 2650 3040 3350 3460 3360
636A Beih  197504251 3160 2930 2660 2420 2360 2530 2920 3350 3710 3910 3790 3470
636A Beih  197504252 3070 2570 2040 1560 1210 1030 1160 1550 2030 2480 2770 2920
636A Beih  197504261 2950 2800 2670 2620 2640 2750 3080 3540 3980 4310 4410 4170
636A Beih  197504262 3790 3290 2710 2130 1610 1150  860  870 1160 1610 2040 2340
636A Beih  197504271 2540 2590 2550 2540 2620 2790 3070 3460 3920 4350 4620 4640
636A Beih  197504272 4410 3960 3380 2770 2190 1640 1180  820  780  960 1300 1660
636A Beih  197504281 1930 2130 2220 2260 2350 2550 2840 3220 3650 4100 4500 4730
636A Beih  197504282 4680 4360 3870 3270 2670 2080 1550 1070  700  600  710 1010
636A Beih  197504291 1310 1650 1860 2110 2060 2110 2510 2870 3300 3730 4150 4470
636A Beih  197504292 4650 4530 4160 3720 3160 2560 2040 1540 1080  760  670  730
636A Beih  197504301  990 1250 1520 1760 1910 2100 2370 2700 3070 3470 3910 4290
636A Beih  197504302 4550 4600 4450 4100 3630 3110 2570 2110 1660 1280  890  830
636A Beih  197505011  920 1160 1480 1700 1900 2070 2240 2480 2790 3120 3540 3940
636A Beih  197505012 4260 4470 4460 4310 3960 3500 3020 2510 2080 1680 1350 1130
636A Beih  197505021 1070 1120 1290 1540 1780 1970 2150 2350 2550 2820 3130 3500
636A Beih  197505022 3890 4170 4310 4250 4080 3770 3370 2940 2490 2100 1700 1410
636A Beih  197505031 1210 1150 1210 1390 1640 1870 2070 2230 2370 2550 2790 3110
636A Beih  197505032 3410 3700 3940 4060 4010 3810 3510 3150 2750 2350 2020 1700
636A Beih  197505041 1420 1310 1290 1400 1590 1820 2040 2210 2340 2460 2590 2780
636A Beih  197505042 3040 3260 3500 3680 3780 3720 3540 3250 2900 2540 2210 1890
636A Beih  197505051 1610 1510 1440 1480 1630 1850 2070 2260 2370 2450 2490 2530
636A Beih  197505052 2600 2780 2980 3170 3320 3370 3360 3260 3020 2680 2320 2040
636A Beih  197505061 1770 1550 1480 1530 1620 1830 2110 2360 2460 2460 2480 2510
636A Beih  197505062 2510 2540 2640 2820 3000 3160 3280 3320 3240 3080 2800 2490
636A Beih  197505071 2190 1950 1830 1880 2050 2290 2520 2740 2860 2880 2810 2710
636A Beih  197505072 2570 2440 2350 2390 2560 2790 2970 3150 3250 3190 2980 2720
636A Beih  197505081 2500 2300 2130 2120 2300 2580 2900 3180 3330 3330 3200 2960
636A Beih  197505082 2660 2340 2060 1920 1880 2010 2240 2540 2810 2940 2900 2750
636A Beih  197505091 2520 2370 2260 2270 2410 2710 3090 3410 3680 3790 3680 3320
636A Beih  197505092 2920 2510 2080 1710 1490 1430 1530 1750 2050 2360 2560 2610
636A Beih  197505101 2580 2490 2400 2420 2540 2820 3170 3490 3860 4030 3970 3740
636A Beih  197505102 3350 2840 2320 1840 1450 1190 1120 1200 1450 1780 2030 2260
636A Beih  197505111 2340 2360 2240 2300 2480 2670 2970 3310 3670 3950 4100 3990
636A Beih  197505112 3610 3140 2600 2060 1600 1160  860  810  900 1160 1460 1780
636A Beih  197505121 2030 2140 2210 2310 2500 2780 3120 3510 3910 4240 4440 4440
636A Beih  197505122 4230 3780 3230 2650 2110 1640 1220  970  920 1000 1250 1540
636A Beih  197505131 1840 2020 2130 2240 2380 2640 2990 3400 3830 4230 4500 4570
636A Beih  197505132 4450 4130 3610 3020 2440 1930 1450 1080  850  830  910 1180
636A Beih  197505141 1510 1770 1900 1980 2160 2470 2780 3150 3610 4090 4490 4690
636A Beih  197505142 4690 4450 4050 3520 2960 2410 1920 1430 1040  870  840 1000
636A Beih  197505151 1220 1460 1690 1880 2050 2260 2560 2940 3340 3800 4240 4560
636A Beih  197505152 4710 4640 4350 3890 3370 2830 2300 1810 1390 1060  850  890
636A Beih  197505161 1050 1300 1570 1750 1910 2080 2300 2600 3000 3420 3860 4270
636A Beih  197505162 4520 4640 4540 4240 3750 3240 2740 2230 1770 1350 1090  950
636A Beih  197505171  940 1130 1330 1570 1780 1960 2140 2380 2680 2990 3380 3800
636A Beih  197505172 4160 4400 4470 4330 4000 3580 3110 2640 2220 1830 1460 1210
636A Beih  197505181 1160 1220 1410 1610 1790 1980 2140 2260 2470 2720 3030 3380
636A Beih  197505182 3730 4070 4250 4250 4110 3790 3370 2980 2540 2130 1790 1500
636A Beih  197505191 1370 1320 1420 1630 1860 2010 2140 2240 2320 2470 2670 2930
636A Beih  197505192 3190 3470 3700 3860 3940 3830 3590 3230 2860 2480 2140 1860
636A Beih  197505201 1640 1550 1580 1710 1960 2190 2370 2460 2460 2450 2450 2460
636A Beih  197505202 2550 2750 2970 3200 3410 3530 3540 3420 3160 2850 2540 2200
636A Beih  197505211 1960 1870 1920 2180 2460 2720 2930 3020 2950 2800 2570 2350
636A Beih  197505212 2170 2090 2140 2290 2560 2870 3060 3150 3050 2880 2710 2380
636A Beih  197505221 2110 1940 1920 2090 2380 2730 3050 3300 3300 3070 2790 2460
636A Beih  197505222 2120 1740 1470 1360 1420 1650 1990 2310 2510 2590 2540 2420
636A Beih  197505231 2300 2240 2300 2490 2800 3250 3660 3980 4100 3970 3700 3260
636A Beih  197505232 2730 2170 1660 1300 1090 1100 1230 1520 1890 2180 2320 2350
636A Beih  197505241 2310 2330 2440 2620 2940 3350 3840 4290 4600 4650 4530 4170
636A Beih  197505242 3610 2970 2370 1870 1400 1040  880  910 1140 1470 1750 1950
636A Beih  197505251 2080 2150 2240 2440 2690 3080 3540 4050 4470 4690 4690 4490
636A Beih  197505252 4060 3470 2880 2250 1730 1240  860  690  740  950 1280 1580
636A Beih  197505261 1790 1950 2050 2200 2480 2830 3250 3780 4270 4640 4810 4750
636A Beih  197505262 4460 3940 3350 2730 2160 1620 1120  730  610  660  870 1210
636A Beih  197505271 1510 1730 1890 2070 2310 2600 2990 3470 4010 4480 4790 4890
636A Beih  197505272 4790 4480 3940 3330 2720 2180 1680 1210  850  750  830 1030
636A Beih  197505281 1270 1510 1730 1900 2070 2340 2700 3130 3600 4090 4510 4760
636A Beih  197505282 4820 4650 4260 3700 3100 2530 2060 1590 1170  880  790  800
636A Beih  197505291 1000 1270 1480 1670 1860 2030 2280 2620 3050 3510 3980 4330
636A Beih  197505292 4530 4530 4290 3870 3390 2840 2310 1870 1450 1080  840  840
636A Beih  197505301  960 1190 1420 1620 1800 1930 2140 2410 2690 3070 3510 3900
636A Beih  197505302 4200 4340 4280 4030 3620 3100 2570 2100 1710 1340 1080  940
636A Beih  197505311 1010 1180 1390 1590 1790 1960 2100 2280 2520 2820 3200 3570
636A Beih  197505312 3890 4090 4180 4070 3810 3410 2950 2470 2070 1750 1470 1280
636A Beih  197506011 1250 1320 1480 1680 1880 2060 2180 2300 2480 2690 2930 3210
636A Beih  197506012 3510 3760 3900 3940 3840 3600 3260 2840 2440 2090 1780 1600
636A Beih  197506021 1510 1540 1650 1800 1990 2200 2320 2420 2460 2550 2700 2900
636A Beih  197506022 3100 3320 3540 3650 3640 3500 3260 2960 2630 2310 2030 1800
636A Beih  197506031 1710 1690 1770 1990 2230 2430 2550 2630 2680 2670 2670 2730
636A Beih  197506032 2830 2960 3070 3190 3290 3350 3240 3010 2750 2470 2210 2010
636A Beih  197506041 1900 1910 2040 2240 2470 2700 2900 2990 2940 2840 2730 2590
636A Beih  197506042 2480 2480 2560 2650 2740 2850 2870 2800 2630 2410 2220 2060
636A Beih  197506051 1970 1990 2140 2400 2720 3010 3230 3310 3280 3160 2960 2690
636A Beih  197506052 2410 2190 2080 2050 2140 2270 2360 2430 2460 2420 2340 2270
636A Beih  197506061 2220 2190 2400 2630 2915 3240 3400 3650 3770 3580 3230 2850
636A Beih  197506062 2490 2150 1870 1710 1640 1590 1670 1820 1960 2030 2050 2050
636A Beih  197506071 2060 2130 2310 2570 2930 3350 3740 3990 4070 3960 3720 3400
636A Beih  197506072 2950 2490 2090 1710 1450 1340 1300 1370 1540 1720 1870 1970
636A Beih  197506081 2040 2140 2320 2560 2900 3300 3700 4030 4240 4280 4090 3750
636A Beih  197506082 3280 2750 2260 1830 1440 1160 1010 1010 1150 1410 1630 1810
636A Beih  197506091 1930 2040 2250 2510 2830 3220 3650 4090 4420 4530 4460 4170
636A Beih  197506092 3710 3160 2580 2050 1610 1200  900  780  810 1010 1270 1520
636A Beih  197506101 1740 1860 2020 2270 2600 3010 3450 3940 4390 4670 4760 4630
636A Beih  197506102 4250 3730 3140 2560 2010 1490 1050  740  650  710  890 1180
636A Beih  197506111 1430 1630 1730 1920 2230 2590 3030 3530 4030 4490 4750 4790
636A Beih  197506112 4590 4180 3650 3050 2460 1910 1410  990  730  700  780 1010
636A Beih  197506121 1280 1500 1660 1790 2000 2330 2710 3150 3680 4190 4570 4760
636A Beih  197506122 4740 4520 4050 3450 2830 2250 1740 1260  850  700  700  830
636A Beih  197506131 1050 1320 1520 1670 1850 2090 2400 2760 3270 3820 4260 4580
636A Beih  197506132 4770 4740 4440 3940 3380 2800 2230 1730 1290  990  890  920
636A Beih  197506141 1110 1350 1570 1700 1810 1940 2130 2430 2790 3250 3760 4220
636A Beih  197506142 4540 4670 4610 4280 3810 3250 2680 2190 1760 1420 1170 1130
636A Beih  197506151 1290 1520 1730 1890 2040 2110 2210 2360 2610 2860 3220 3690
636A Beih  197506152 4070 4320 4370 4330 4050 3570 3020 2500 2020 1630 1360 1270
636A Beih  197506161 1360 1570 1830 2080 2250 2330 2320 2320 2440 2580 2740 3040
636A Beih  197506162 3360 3640 3840 3880 3780 3540 3130 2540 2070 1590 1330 1210
636A Beih  197506171 1220 1387 1656 1947 2183 2314 2327 2261 2169 2099 2083 2163
636A Beih  197506172 2356 2640 2953 3217 3359 3334 3138 2812 2430 2065 1760 1565
636A Beih  197506181 1530 1770 2070 2330 2530 2680 2720 2650 2500 2310 2180 2030
636A Beih  197506182 1980 2040 2260 2470 2680 2810 2880 2820 2690 2550 2410 2300
636A Beih  197506191 2310 2450 2740 3090 3390 3650 3720 3620 3410 3110 2730 2350
636A Beih  197506192 2000 1760 1590 1590 1710 1880 2070 2170 2190 2180 2150 2120
636A Beih  197506201 2150 2340 2680 3070 3480 3860 4130 4160 4040 3750 3340 2820
636A Beih  197506202 2270 1800 1440 1210 1150 1220 1380 1580 1780 1920 1990 2010
636A Beih  197506211 2060 2230 2520 2850 3290 3760 4170 4480 4510 4360 4020 3540
636A Beih  197506212 2940 2360 1840 1400 1070  910  930 1070 1270 1560 1770 1930
636A Beih  197506221 2050 2170 2380 2660 3040 3530 4000 4360 4640 4630 4420 4040
636A Beih  197506222 3480 2850 2250 1730 1250  870  690  640  750 1040 1400 1640
636A Beih  197506231 1810 1940 2130 2410 2770 3200 3730 4220 4620 4800 4740 4470
636A Beih  197506232 4020 3460 2750 2240 1710 1220  870  670  630  790 1110 1380
636A Beih  197506241 1590 1740 1910 2140 2280 2840 3300 3830 4340 4700 4830 4730
636A Beih  197506242 4410 3890 3300 2660 2130 1500 1200  830  710  770  910 1190
636A Beih  197506251 1450 1580 1730 1930 2170 2490 2890 3380 3930 4370 4670 4750
636A Beih  197506252 4610 4260 3720 3090 2530 2000 1510 1080  800  720  780 1020
636A Beih  197506261 1300 1500 1660 1770 1920 2180 2500 2910 3380 3980 4310 4550
636A Beih  197506262 4610 4370 3980 3440 2840 2300 1780 1320 1000  810  800  940
636A Beih  197506271 1170 1460 1640 1770 1900 2050 2300 2620 3030 3480 3960 4280
636A Beih  197506272 4440 4390 4130 3720 3190 2650 2170 1740 1380 1130 1030 1040
636A Beih  197506281 1220 1460 1650 1790 1910 2010 2180 2440 2760 3120 3530 3900
636A Beih  197506282 4160 4250 4140 3810 3400 2920 2450 2040 1660 1380 1240 1230
636A Beih  197506291 1320 1510 1670 1850 2000 2040 2100 2240 2440 2670 2990 3310
636A Beih  197506292 3620 3860 3870 3740 3410 3020 2600 2170 1850 1630 1510 1500
636A Beih  197506301 1610 1790 2000 2280 2210 2140 2230 2400 2470 2530 2730 3030
636A Beih  197506302 3310 3580 3700 3660 3440 3100 2740 2360 2040 1800 1660 1650
636A Beih  197507011 1730 1920 2100 2300 2400 2390 2350 2320 2320 2310 2420 2630
636A Beih  197507012 2860 3080 3230 3300 3180 2970 2710 2400 2080 1880 1810 1810
636A Beih  197507021 1910 2110 2410 2650 2810 2890 2810 2670 2520 2380 2270 2310
636A Beih  197507022 2400 2530 2660 2770 2790 2690 2530 2330 2080 1900 1800 1810
636A Beih  197507031 1950 2250 2550 2900 3180 3320 3310 3160 3000 2760 2480 2230
636A Beih  197507032 2070 2030 2080 2170 2270 2310 2250 2120 2000 1910 1870 1880
636A Beih  197507041 2020 2300 2640 3040 3400 3660 3760 3670 3460 3170 2800 2420
636A Beih  197507042 2100 1870 1750 1730 1740 1770 1800 1830 1830 1820 1800 1870
636A Beih  197507051 2040 2300 2630 3010 3440 3810 4030 4070 3950 3690 3300 2850
636A Beih  197507052 2400 2000 1710 1509 1400 1360 1380 1450 1510 1610 1740 1830
636A Beih  197507061 1960 2190 2530 2930 3330 3740 4080 4260 4220 3990 3620 3150
636A Beih  197507062 2660 2180 1800 1460 1220 1090 1000 1070 1220 1400 1560 1690
636A Beih  197507071 1830 2040 2320 2680 3140 3630 4050 4380 4500 4390 4130 3680
636A Beih  197507072 3170 2600 2080 1650 1220  940  770  740  860 1050 1310 1510
636A Beih  197507081 1670 1870 2140 2470 2880 3360 3880 4300 4600 4650 4480 4130
636A Beih  197507082 3610 3030 2460 1920 1410 1020  690  610  640  800 1080 1340
636A Beih  197507091 1500 1660 1880 2170 2570 3040 3560 4090 4530 4740 4720 4520
636A Beih  197507092 4100 3530 2930 2360 1810 1310  890  620  550  630  890 1180
636A Beih  197507101 1430 1580 1720 1930 2270 2650 3130 3710 4270 4670 4860 4840
636A Beih  197507102 4630 4160 3560 2940 2380 1850 1380 1000  780  780  930 1120
636A Beih  197507111 1330 1480 1570 1700 1890 2190 2600 3050 3620 4140 4540 4730
636A Beih  197507112 4690 4410 3970 3380 2790 2230 1730 1340 1050  950  970 1220
636A Beih  197507121 1430 1550 1630 1690 1750 1960 2210 2520 2970 3500 3990 4390
636A Beih  197507122 4570 4470 4140 3730 3140 2530 2070 1640 1310 1050 1020 1180
636A Beih  197507131 1470 1690 1800 1820 1810 1850 2000 2170 2480 2910 3360 3790
636A Beih  197507132 4110 4280 4180 3870 3430 2900 2430 1990 1680 1410 1350 1480
636A Beih  197507141 1700 1970 2130 2190 2120 2050 1980 1960 2130 2410 2730 3160
636A Beih  197507142 3440 3720 3790 3690 3480 3110 2690 2220 1859 1623 1565 1697
636A Beih  197507151 1980 2380 2610 2700 2650 2510 2380 2250 2130 2030 2110 2440
636A Beih  197507152 2790 3110 3360 3440 3320 3050 2760 2460 2110 1869 1769 1845
636A Beih  197507161 2092 2446 2810 3091 3227 3200 2980 2670 2390 2120 1890 1900
636A Beih  197507162 2060 2280 2540 2740 2830 2780 2650 2490 2320 2210 2190 2260
636A Beih  197507171 2420 2840 3340 3720 3960 3870 3730 3500 3110 2560 2170 1870
636A Beih  197507172 1690 1620 1640 1730 1850 1960 1990 1950 1880 1860 1960 2010
636A Beih  197507181 2250 2650 3130 3590 3940 4191 4252 4112 3796 3350 2836 2326
636A Beih  197507182 1890 1574 1397 1357 1424 1543 1666 1757 1799 1806 1815 1883
636A Beih  197507191 2060 2360 2760 3250 3740 4150 4380 4390 4230 3920 3440 2860
636A Beih  197507192 2320 1880 1500 1150  960  930  930 1000 1180 1450 1630 1740
636A Beih  197507201 1930 2180 2620 3080 3572 4047 4422 4627 4640 4461 4097 3586
636A Beih  197507202 2999 2416 1880 1417 1073  894  880  990 1170 1363 1518 1632
636A Beih  197507211 1760 1960 2280 2670 2880 3390 3900 4320 4590 4630 4440 4070
636A Beih  197507212 3540 2950 2380 1890 1470 1090  850  770  790 1010 1290 1490
636A Beih  197507221 1670 1800 2020 2340 2690 3150 3700 4200 4560 4660 4570 4300
636A Beih  197507222 3830 3270 2710 2230 1790 1390 1060  830  830 1010 1200 1430
636A Beih  197507231 1690 1630 1800 2050 2390 2790 3290 3750 4170 4520 4640 4540
636A Beih  197507232 4250 3780 3230 2690 2160 1720 1370 1080  960 1010 1180 1410
636A Beih  197507241 1600 1860 1980 1840 1970 2470 2910 3310 3740 4200 4530 4620
636A Beih  197507242 4470 4090 3560 3040 2510 2040 1660 1360 1200 1210 1320 1540
636A Beih  197507251 1710 1770 1810 1920 2090 2330 2610 2990 3490 3950 4290 4480
636A Beih  197507252 4430 4180 3800 3280 2730 2250 1890 1600 1390 1330 1420 1600
636A Beih  197507261 1780 1890 1940 1960 1990 2110 2310 2610 2980 3390 3790 4120
636A Beih  197507262 4220 4110 3860 3460 2990 2530 2120 1820 1610 1510 1510 1610
636A Beih  197507271 1770 1910 1960 1950 1900 1890 1990 2210 2500 2870 3260 3580
636A Beih  197507272 3850 3910 3780 3510 3130 2720 2320 1990 1810 1730 1750 1840
636A Beih  197507281 1980 2090 2130 2100 2010 1950 1920 1960 2150 2430 2760 3150
636A Beih  197507282 3430 3600 3600 3410 3140 2800 2420 2100 1910 1820 1890 2100
636A Beih  197507291 2310 2450 2530 2540 2430 2240 2060 1960 1950 2090 2330 2630
636A Beih  197507292 2970 3260 3370 3270 3050 2790 2510 2200 1980 1960 2110 2240
636A Beih  197507301 2460 2720 2950 3030 2900 2650 2460 2280 2070 1950 1980 2200
636A Beih  197507302 2430 2640 2820 2890 2800 2610 2420 2170 1980 1930 2060 2260
636A Beih  197507311 2540 2890 3220 3390 3370 3200 2940 2660 2400 2140 1960 1920
636A Beih  197507312 1990 2130 2290 2400 2460 2380 2210 2060 1980 1880 1940 2160
636A Beih  197508011 2500 2960 3230 3460 3700 3680 3420 3110 2810 2380 2070 1880
636A Beih  197508012 1750 1680 1760 1850 1890 1900 1940 1910 1830 1810 1960 2170
636A Beih  197508021 2420 2770 3190 3470 3760 3860 3830 3700 3390 3000 2500 2060
636A Beih  197508022 1780 1580 1470 1420 1400 1430 1510 1610 1730 1800 1890 2080
636A Beih  197508031 2340 2650 3070 3490 3870 4140 4240 4170 3920 3510 3030 2550
636A Beih  197508032 2130 1790 1530 1320 1200 1170 1230 1370 1560 1720 1870 2040
636A Beih  197508041 2260 2600 2960 3400 3780 4240 4460 4530 4360 4010 3560 3040
636A Beih  197508042 2550 2090 1700 1380 1130 1020  980 1070 1230 1460 1640 1790
636A Beih  197508051 2010 2330 2670 3080 3530 4040 4430 4610 4640 4460 4080 3580
636A Beih  197508052 3030 2490 2030 1620 1220  980  870  850 1030 1260 1460 1650
636A Beih  197508061 1800 2010 2340 2750 3200 3710 4190 4610 4770 4760 4540 4110
636A Beih  197508062 3550 3000 2440 1960 1530 1130  910  860  950 1170 1420 1580
636A Beih  197508071 1690 1810 2040 2390 2780 3260 3820 4370 4710 4890 4830 4540
636A Beih  197508072 4070 3470 2870 2330 1850 1430 1090  950  990 1200 1400 1550
636A Beih  197508081 1630 1680 1780 1990 2280 2650 3100 3650 4170 4590 4800 4800
636A Beih  197508082 4520 4030 3430 2830 2220 1790 1450 1180 1080 1130 1230 1610
636A Beih  197508091 1670 1630 1680 1710 1820 2020 2400 2870 3380 3890 4350 4620
636A Beih  197508092 4610 4370 3930 3350 2750 2200 1750 1450 1350 1390 1560 1810
636A Beih  197508101 1990 1990 1850 1770 1740 1680 1780 2100 2570 3050 3610 4060
636A Beih  197508102 4290 4260 4070 3650 3080 2490 1890 1460 1300 1440 1700 1920
636A Beih  197508111 2030 2110 2110 1950 1680 1460 1300 1330 1450 1890 2370 2870
636A Beih  197508112 3250 3520 3570 3410 3080 2730 2260 1840 1560 1530 1830 2220
636A Beih  197508121 2470 2600 2610 2430 2160 1880 1550 1270 1160 1290 1620 2060
636A Beih  197508122 2460 2770 2920 2910 2770 2570 2370 2110 1910 1990 2260 2640
636A Beih  197508131 3030 3340 3500 3450 3230 2950 2620 2130 1670 1370 1310 1460
636A Beih  197508132 1740 2080 2330 2480 2510 2430 2340 2250 2150 2170 2340 2680
636A Beih  197508141 3080 3570 3910 4010 3900 3640 3290 2840 2340 1850 1510 1310
636A Beih  197508142 1290 1410 1590 1780 1930 2000 2040 2030 1980 2050 2260 2540
636A Beih  197508151 2960 3410 3800 4150 4250 4190 3910 3470 2980 2480 2000 1640
636A Beih  197508152 1380 1200 1140 1200 1270 1400 1560 1660 1730 1850 2000 2280
636A Beih  197508161 2570 3050 3540 3950 4270 4440 4380 4110 3710 3200 2670 2170
636A Beih  197508162 1790 1490 1210 1040  990 1020 1120 1330 1520 1650 1790 1990
636A Beih  197508171 2260 2580 2980 3460 3890 4210 4380 4330 4140 3760 3270 2770
636A Beih  197508172 2260 1830 1450 1130  900  820  850 1030 1240 1470 1660 1810
636A Beih  197508181 2020 2310 2640 3060 3510 3950 4310 4470 4410 4260 3780 3270
636A Beih  197508182 2770 2280 1850 1500 1130  940  870  950 1170 1360 1570 1710
636A Beih  197508191 1870 2090 2360 2710 3130 3600 4040 4340 4450 4400 4180 3740
636A Beih  197508192 3220 2710 2200 1790 1430 1150  980 1000 1120 1330 1550 1710
636A Beih  197508201 1840 1970 2170 2430 2770 3190 3660 4090 4370 4450 4370 4130
636A Beih  197508202 3680 3170 2620 2150 1780 1440 1190 1110 1160 1320 1510 1710
636A Beih  197508211 1870 1920 2030 2230 2460 2770 3210 3680 4060 4300 4340 4270
636A Beih  197508212 3970 3460 2900 2430 2040 1720 1470 1330 1360 1490 1680 1850
636A Beih  197508221 1960 2010 2030 2080 2230 2500 2800 3210 3630 4030 4220 4280
636A Beih  197508222 4130 3770 3310 2830 2350 1970 1730 1590 1560 1700 1900 2060
636A Beih  197508231 2140 2150 2120 2090 2070 2170 2440 2760 3150 3540 3900 4080
636A Beih  197508232 4080 3890 3530 3080 2600 2190 1870 1660 1630 1800 1860 2040
636A Beih  197508241 2160 2190 2140 2030 1910 1870 2000 2270 2640 3020 3390 3730
636A Beih  197508242 3870 3790 3550 3220 2800 2400 2050 1840 1830 1990 2200 2410
636A Beih  197508251 2520 2510 2410 2300 2140 1930 1810 1880 2080 2310 2700 3130
636A Beih  197508252 3470 3570 3500 3300 2950 2610 2230 2020 2020 2170 2470 2750
636A Beih  197508261 2990 3100 3070 2880 2620 2370 2120 1970 2020 2270 2610 2980
636A Beih  197508262 3260 3390 3300 3110 2890 2610 2310 2040 1960 2050 2340 2680
636A Beih  197508271 2950 3150 3150 2960 2710 2450 2140 1850 1720 1710 1940 2290
636A Beih  197508272 2650 2870 2940 2870 2730 2540 2350 2160 2100 2230 2490 2860
636A Beih  197508281 3180 3440 3530 3456 3246 2947 2597 2246 1954 1781 1743 1822
636A Beih  197508282 1973 2147 2283 2345 2333 2267 2178 2119 2138 2270 2530 2888
636A Beih  197508291 3280 3600 3820 3870 3680 3380 3030 2520 2100 1790 1620 1561
636A Beih  197508292 1599 1704 1835 1954 2038 2085 2107 2138 2218 2380 2646 3015
636A Beih  197508301 3450 3820 4160 4420 4480 4240 4040 3730 3270 2850 2410 2130
636A Beih  197508302 1990 1950 1910 1730 1790 1960 2170 2350 2480 2540 2680 2950
636A Beih  197508311 3290 3660 3920 4200 4420 4310 4160 3910 3290 2880 2410 2050
636A Beih  197508312 1740 1440 1250 1190 1250 1370 1500 1680 1890 2070 2300 2590
636A Beih  197509011 2940 3320 3700 4090 4370 4380 4300 4050 3690 3240 2760 2320
636A Beih  197509012 1940 1590 1300 1100 1000 1060 1240 1420 1610 1780 1980 2240
636A Beih  197509021 2540 2880 3300 3740 4120 4380 4460 4360 4090 3680 3200 2710
636A Beih  197509022 2260 1850 1440 1150 1020  990 1040 1240 1470 1650 1770 1930
636A Beih  197509031 2130 2420 2780 3250 3730 4160 4460 4590 4500 4220 3780 3260
636A Beih  197509032 2730 2210 1810 1430 1170 1050 1060 1210 1460 1640 1790 1860
636A Beih  197509041 1890 2080 2380 2720 3140 3630 4110 4480 4620 4530 4290 3830
636A Beih  197509042 3250 2670 2140 1710 1360 1180 1120 1190 1450 1710 1860 1910
636A Beih  197509051 1910 1920 2050 2270 2590 3030 3540 4040 4420 4610 4560 4290
636A Beih  197509052 3820 3260 2680 2140 1730 1430 1300 1370 1550 1790 2000 2060
636A Beih  197509061 1990 1870 1790 1790 1940 2230 2690 3220 3730 4190 4480 4490
636A Beih  197509062 4240 3820 3280 2720 2200 1840 1650 1660 1850 2120 2350 2450
636A Beih  197509071 2370 2180 1920 1670 1490 1520 1830 2280 2820 3340 3790 4060
636A Beih  197509072 4100 3960 3600 3120 2610 2150 1860 1830 2080 2470 2800 3000
636A Beih  197509081 2980 2780 2450 2090 1710 1380 1250 1460 1870 2390 2960 3430
636A Beih  197509082 3710 3710 3540 3270 2920 2530 2190 2080 2280 2720 3220 3610
636A Beih  197509091 3770 3580 3230 2770 2300 1820 1380 1200 1220 1540 2050 2620
636A Beih  197509092 3060 3260 3200 3050 2890 2650 2400 2310 2450 2860 3340 3820
636A Beih  197509101 4130 4180 3920 3510 3030 2480 1930 1430 1130 1080 1270 1610
636A Beih  197509102 2010 2330 2560 2600 2500 2410 2350 2350 2480 2790 3230 3720
636A Beih  197509111 4180 4510 4550 4300 3870 3330 2750 2170 1680 1330 1120 1130
636A Beih  197509112 1300 1540 1890 2010 2140 2110 2060 2120 2240 2500 2860 3340
636A Beih  197509121 3790 4270 4560 4570 4350 3970 3480 2940 2410 1930 1560 1310
636A Beih  197509122 1170 1180 1320 1500 1670 1830 1920 1940 2040 2240 2550 2930
636A Beih  197509131 3380 3860 4270 4510 4500 4310 3940 3440 2920 2420 1970 1610
636A Beih  197509132 1320 1110 1020 1100 1250 1440 1670 1800 1820 2100 2310 2610
636A Beih  197509141 3010 3490 3930 4330 4520 4510 4340 3990 3530 3070 2580 2170
636A Beih  197509142 1790 1470 1220 1070 1060 1190 1370 1600 1800 1960 2110 2340
636A Beih  197509151 2610 3000 3400 3820 4190 4410 4390 4210 3900 3480 3010 2550
636A Beih  197509152 2150 1800 1470 1240 1140 1150 1280 1490 1720 1910 2050 2180
636A Beih  197509161 2360 2670 3010 3380 3770 4040 4230 4310 4160 3800 3340 2870
636A Beih  197509162 2460 2080 1740 1440 1240 1160 1250 1400 1590 1790 1950 2020
636A Beih  197509171 2090 2310 2610 2950 3290 3650 4000 4230 4250 4100 3810 3350
636A Beih  197509172 2870 2450 2090 1780 1520 1400 1400 1550 1720 1910 2010 2070
636A Beih  197509181 2070 2100 2200 2420 2690 3010 3410 3750 4000 4090 4000 3720
636A Beih  197509182 3330 2890 2440 2070 1820 1680 1650 1710 1890 2080 2210 2230
636A Beih  197509191 2160 2090 2040 2110 2290 2580 2960 3360 3690 3890 3940 3810
636A Beih  197509192 3500 3090 2630 2200 1940 1790 1710 1810 2040 2130 2030 2070
636A Beih  197509201 1910 1600 1330 1220 1230 1490 1840 2210 2750 3340 3680 3820
636A Beih  197509202 3740 3600 3210 2840 2460 2380 2420 2600 2810 3140 3370 3430
636A Beih  197509211 3320 3000 2620 2320 2010 1800 1760 1910 2290 2730 3110 3330
636A Beih  197509212 3330 3120 2830 2550 2280 2070 2000 2140 2450 2810 3120 3330
636A Beih  197509221 3320 3100 2780 2450 2090 1810 1730 1830 2150 2550 2950 3250
636A Beih  197509222 3400 3330 3090 2830 2570 2280 2120 2210 2480 2810 3170 3410
636A Beih  197509231 3460 3290 2970 2570 2140 1730 1460 1400 1590 1950 2430 2830
636A Beih  197509232 3100 3200 3100 2920 2700 2490 2380 2420 2660 3030 3430 3720
636A Beih  197509241 3810 3690 3390 2970 2490 1980 1560 1300 1260 1460 1830 2200
636A Beih  197509242 2510 2720 2800 2740 2630 2520 2470 2540 2770 3100 3490 3870
636A Beih  197509251 4100 4080 3830 3460 2990 2450 1940 1530 1270 1240 1380 1630
636A Beih  197509252 1940 2180 2350 2420 2430 2390 2390 2500 2720 3030 3410 3820
636A Beih  197509261 4160 4310 4210 3930 3500 2960 2430 1940 1550 1310 1210 1240
636A Beih  197509262 1400 1610 1820 1980 2070 2100 2130 2260 2480 2770 3150 3580
636A Beih  197509271 4000 4270 4350 4210 3880 3420 2920 2430 2000 1660 1420 1290
636A Beih  197509272 1310 1420 1560 1720 1880 1980 2060 2170 2350 2590 2940 3320
636A Beih  197509281 3710 4070 4270 4270 4080 3740 3280 2790 2330 1900 1550 1310
636A Beih  197509282 1180 1150 1220 1380 1570 1780 1950 2080 2240 2490 2810 3170
636A Beih  197509291 3610 3990 4310 4460 4360 4110 3770 3300 2820 2360 1970 1590
636A Beih  197509292 1270 1120 1040 1110 1330 1530 1690 1860 2050 2250 2500 2820
636A Beih  197509301 3200 3620 4020 4310 4440 4370 4180 3820 3360 2880 2440 2030
636A Beih  197509302 1650 1310 1110 1010 1110 1310 1520 1720 1900 2030 2210 2480
636A Beih  197510011 2740 3110 3510 3890 4200 4350 4350 4190 3860 3390 2920 2480
636A Beih  197510012 2070 1720 1370 1190 1170 1330 1550 1770 1960 2090 2190 2330
636A Beih  197510021 2500 2760 3080 3460 3840 4160 4340 4330 4190 3880 3420 2910
636A Beih  197510022 2440 2030 1670 1440 1340 1370 1560 1810 2010 2120 2170 2150
636A Beih  197510031 2110 2240 2440 2710 3120 3550 3930 4200 4310 4170 3940 3490
636A Beih  197510032 2990 2450 2060 1780 1610 1620 1760 2010 2260 2390 2380 2240
636A Beih  197510041 2060 1920 1860 1910 2170 2590 3010 3410 3740 3940 3950 3760
636A Beih  197510042 3360 2860 2380 1990 1750 1760 1990 2330 2660 2860 2910 2750
636A Beih  197510051 2480 2180 1840 1580 1510 1690 2080 2590 3090 3510 3750 3750
636A Beih  197510052 3580 3250 2860 2480 2180 2040 2210 2660 3150 3490 3620 3440
636A Beih  197510061 3100 2720 2260 1760 1370 1180 1210 1510 2050 2620 3110 3390
636A Beih  197510062 3420 3220 2980 2710 2450 2290 2380 2740 3250 3740 4080 4100
636A Beih  197510071 3760 3340 2790 2190 1580 1100  730  700  910 1330 1880 2350
636A Beih  197510072 2570 2640 2550 2390 2330 2340 2430 2690 3120 3630 4120 4440
636A Beih  197510081 4440 4110 3650 3080 2450 1850 1340  960  840  940 1280 1710
636A Beih  197510082 2030 2230 2280 2240 2220 2290 2410 2650 3020 3530 4090 4520
636A Beih  197510091 4750 4690 4380 3880 3260 2610 2000 1490 1130  980 1050 1240
636A Beih  197510092 1530 1760 1980 2080 2130 2180 2330 2540 2910 3380 3910 4420
636A Beih  197510101 4760 4910 4840 4510 3960 3340 2740 2200 1740 1370 1140 1130
636A Beih  197510102 1240 1440 1700 1900 2060 2130 2200 2360 2650 3020 3470 3950
636A Beih  197510111 4440 4720 4790 4640 4310 3800 3260 2720 2240 1790 1400 1140
636A Beih  197510112 1040 1050 1190 1400 1620 1820 1950 2050 2260 2560 2910 3350
636A Beih  197510121 3880 4300 4570 4620 4460 4150 3720 3210 2710 2260 1870 1530
636A Beih  197510122 1270 1120 1130 1230 1420 1660 1850 2000 2150 2350 2600 2900
636A Beih  197510131 3240 3650 4010 4220 4210 4070 3790 3370 2920 2510 2120 1730
636A Beih  197510132 1380 1150 1020 1010 1150 1380 1570 1750 1850 1980 2140 2340
636A Beih  197510141 2590 2880 3190 3420 3620 3740 3610 3380 3020 2580 2130 1730
636A Beih  197510142 1350 1030  840  790  870 1090 1330 1550 1770 1840 1950 2100
636A Beih  197510151 2350 2600 2840 3050 3290 3530 3620 3540 3300 2980 2620 2210
636A Beih  197510152 1800 1470 1260 1150 1210 1380 1630 1830 2020 2130 2140 2160
636A Beih  197510161 2220 2310 2430 2580 2800 3070 3270 3370 3350 3230 2870 2530
636A Beih  197510162 2100 1750 1390 1250 1260 1430 1630 1850 2050 2160 2230 2210
636A Beih  197510171 2190 2130 2140 2240 2430 2700 2990 3250 3470 3470 3340 3050
636A Beih  197510172 2740 2380 2020 1800 1800 1960 2180 2410 2560 2660 2680 2610
636A Beih  197510181 2470 2250 2070 1970 2040 2270 2570 2870 3100 3260 3300 3210
636A Beih  197510182 3060 2830 2540 2320 2260 2410 2660 2940 3140 3260 3240 3100
636A Beih  197510191 2930 2700 2380 2060 1950 2000 2220 2560 2900 3150 3280 3200
636A Beih  197510192 3060 2940 2750 2580 2510 2580 2800 3150 3510 3710 3740 3580
636A Beih  197510201 3290 2910 2440 2000 1690 1540 1630 1930 2310 2630 2840 2960
636A Beih  197510202 2950 2840 2710 2540 2430 2540 2800 3140 3510 3850 4010 3960
636A Beih  197510211 3710 3310 2790 2270 1790 1420 1300 1420 1760 2090 2400 2610
636A Beih  197510212 2730 2720 2630 2570 2580 2670 2880 3220 3630 4000 4270 4350
636A Beih  197510221 4210 3850 3300 2700 2150 1650 1380 1260 1390 1640 1930 2230
636A Beih  197510222 2450 2530 2480 2410 2410 2500 2670 2970 3370 3750 4090 4200
636A Beih  197510231 4210 4020 3720 3050 2440 1890 1440 1180 1180 1320 1520 1770
636A Beih  197510232 2060 2280 2440 2540 2580 2660 2930 3280 3680 4110 4480 4670
636A Beih  197510241 4690 4480 4100 3570 2970 2410 1910 1490 1200 1090 1120 1270
636A Beih  197510242 1480 1680 1850 1910 1970 2090 2290 2580 2950 3390 3820 4200
636A Beih  197510251 4320 4300 4070 3630 3130 2530 2010 1590 1280 1100 1060 1150
636A Beih  197510252 1340 1590 1840 2030 2160 2260 2410 2690 3050 3480 3930 4360
636A Beih  197510261 4620 4680 4550 4220 3710 3150 2560 2080 1670 1310 1060 1010
636A Beih  197510262 1090 1270 1490 1750 1930 2050 2190 2410 2720 3090 3570 4030
636A Beih  197510271 4440 4640 4650 4510 4200 3700 3140 2610 2160 1770 1410 1190
636A Beih  197510272 1120 1160 1300 1510 1760 1950 2080 2230 2470 2780 3130 3560
636A Beih  197510281 3960 4290 4450 4420 4240 3920 3440 2960 2490 2030 1670 1330
636A Beih  197510282 1130 1070 1110 1270 1490 1730 1910 2030 2170 2410 2680 3020
636A Beih  197510291 3440 3740 4020 4170 4180 3900 3620 3180 2700 2250 1780 1390
636A Beih  197510292 1100  940  890  930 1050 1250 1430 1510 1540 1610 1770 1980
636A Beih  197510301 2270 2600 2980 3260 3510 3680 3710 3570 3280 2880 2440 2060
636A Beih  197510302 1780 1600 1530 1650 1870 2130 2390 2530 2590 2580 2560 2570
636A Beih  197510311 2620 2740 2900 3120 3400 3640 3760 3740 3620 3330 2920 2460
636A Beih  197510312 2070 1850 1730 1800 2060 2410 2710 2950 3090 3100 2980 2840
636A Beih  197511011 2700 2570 2520 2620 2870 3200 3480 3640 3680 3560 3310 2980
636A Beih  197511012 2600 2270 2030 1990 2170 2530 2910 3230 3430 3420 3250 3010
636A Beih  197511021 2700 2320 1960 1810 1860 2140 2550 2920 3220 3360 3300 3160
636A Beih  197511022 3010 2780 2510 2410 2570 2930 3360 3760 4060 4120 3960 3670
636A Beih  197511031 3230 2650 2100 1620 1340 1320 1550 1980 2380 2740 2970 3030
636A Beih  197511032 2940 2850 2750 2690 2780 3050 3480 3940 4350 4560 4530 4270
636A Beih  197511041 3790 3190 2510 1870 1330  970  860  970 1310 1750 2140 2410
636A Beih  197511042 2540 2530 2520 2570 2710 2950 3370 3860 4380 4790 4940 4860
636A Beih  197511051 4560 3960 3280 2560 1960 1380  940  670  720  980 1400 1720
636A Beih  197511052 1950 2050 2040 2050 2180 2440 2820 3280 3820 4320 4630 4760
636A Beih  197511061 4634 4250 3620 3020 2400 1810 1280  910  730  780 1030 1400
636A Beih  197511062 1730 1980 2110 2180 2300 2540 2880 3300 3840 4380 4800 5040
636A Beih  197511071 5030 4770 4310 3660 3050 2440 1850 1350  920  730  750  950
636A Beih  197511072 1220 1470 1660 1810 1920 2110 2410 2770 3240 3770 4330 4720
636A Beih  197511081 4920 4930 4700 4251 3680 3055 2449 1905 1450 1120  962  986
636A Beih  197511082 1142 1358 1574 1744 1863 1982 2175 2482 2892 3371 3870 4322
636A Beih  197511091 4640 4750 4680 4390 3980 3430 2850 2350 1900 1530 1250 1140
636A Beih  197511092 1180 1310 1550 1830 2060 2190 2290 2430 2680 3050 3430 3830
636A Beih  197511101 4180 4440 4520 4400 4180 3780 3240 2700 2270 1900 1580 1370
636A Beih  197511102 1260 1310 1450 1710 1970 2190 2320 2420 2590 2800 3080 3450
636A Beih  197511111 3790 4090 4300 4350 4210 3970 3600 3070 2640 2260 1910 1640
636A Beih  197511112 1470 1420 1510 1660 1890 2130 2290 2390 2470 2560 2710 2900
636A Beih  197511121 3140 3410 3610 3760 3800 3680 3390 3020 2620 2260 1900 1590
636A Beih  197511122 1400 1310 1340 1470 1650 1890 2080 2180 2210 2270 2320 2370
636A Beih  197511131 2510 2770 3000 3160 3270 3320 3210 3040 2680 2358 2035 1742
636A Beih  197511132 1521 1408 1426 1578 1832 2119 2364 2513 2563 2543 2486 2426
636A Beih  197511141 2398 2430 2520 2680 2810 2950 3010 2960 2770 2580 2300 2050
636A Beih  197511142 1840 1680 1680 1850 2080 2360 2620 2780 2870 2830 2760 2610
636A Beih  197511151 2420 2180 2080 2100 2214 2373 2519 2607 2614 2541 2403 2227
636A Beih  197511152 2051 1928 1909 2022 2268 2611 2977 3271 3420 3409 3261 3011
636A Beih  197511161 2700 2390 2070 1910 1860 1950 2160 2370 2510 2600 2590 2480
636A Beih  197511162 2380 2330 2310 2410 2640 2950 3310 3620 3820 3890 3770 3510
636A Beih  197511171 3110 2600 2140 1780 1570 1520 1610 1820 2040 2200 2340 2390
636A Beih  197511172 2370 2360 2390 2510 2700 3020 3420 3790 4120 4270 4210 3940
636A Beih  197511181 3580 3030 2490 2020 1660 1410 1340 1430 1620 1850 2070 2190
636A Beih  197511182 2270 2270 2290 2390 2590 2880 3260 3700 4090 4330 4360 4190
636A Beih  197511191 3830 3260 2690 2200 1740 1360 1100 1090 1220 1470 1730 1970
636A Beih  197511192 2120 2170 2210 2370 2600 2900 3270 3730 4190 4530 4670 4600
636A Beih  197511201 4320 3810 3260 2690 2120 1670 1300 1100 1110 1140 1490 1730
636A Beih  197511202 1920 2000 2060 2150 2310 2570 2920 3330 3780 4190 4470 4510
636A Beih  197511211 4360 4000 3460 2840 2290 1760 1320 1010  920  990 1210 1490
636A Beih  197511212 1770 1990 2110 2200 2330 2580 2930 3320 3800 4240 4590 4730
636A Beih  197511221 4710 4420 3960 3390 2770 2180 1660 1190  860  750  750  840
636A Beih  197511222 1040 1230 1360 1390 1440 1660 1920 2260 2700 3100 3530 3910
636A Beih  197511231 4110 4000 3640 3170 2670 2110 1500  960  600  530  630  820
636A Beih  197511232 1080 1420 1660 1800 1920 2060 2300 2620 3000 3440 3920 4330
636A Beih  197511241 4540 4600 4430 4090 3570 2980 2370 1830 1410 1120  990 1010
636A Beih  197511242 1170 1430 1690 1930 2090 2190 2320 2530 2850 3240 3680 4080
636A Beih  197511251 4410 4570 4570 4380 3970 3450 2850 2300 1830 1460 1170 1070
636A Beih  197511252 1110 1280 1540 1800 1980 2080 2160 2300 2540 2810 3140 3550
636A Beih  197511261 3900 4170 4290 4250 4010 3630 3170 2680 2240 1880 1580 1370
636A Beih  197511262 1330 1440 1620 1860 2090 2260 2340 2380 2460 2600 2790 3020
636A Beih  197511271 3310 3590 3790 3880 3840 3650 3320 2920 2510 2120 1790 1550
636A Beih  197511272 1450 1480 1660 1940 2230 2450 2590 2620 2590 2580 2640 2730
636A Beih  197511281 2880 3090 3310 3490 3590 3560 3400 3130 2800 2420 2080 1810
636A Beih  197511282 1670 1670 1830 2110 2430 2710 2870 2920 2840 2700 2580 2460
636A Beih  197511291 2340 2320 2450 2650 2860 3030 3100 3030 2870 2640 2350 2090
636A Beih  197511292 1930 1900 2050 2380 2780 3170 3430 3530 3460 3300 3050 2680
636A Beih  197511301 2280 1930 1760 1720 1870 2150 2410 2570 2630 2580 2450 2340
636A Beih  197511302 2260 2230 2400 2700 3150 3610 3990 4200 4220 4080 3750 3230
636A Beih  197512011 2640 2120 1670 1380 1290 1370 1560 1830 2080 2280 2360 2300
636A Beih  197512012 2260 2310 2450 2710 3130 3620 4120 4520 4700 4660 4420 3940
636A Beih  197512021 3360 2740 2160 1660 1240 1000 1000 1130 1440 1720 1950 2080
636A Beih  197512022 2110 2150 2270 2520 2890 3350 3910 4450 4820 4950 4850 4530
636A Beih  197512031 3980 3300 2670 2090 1560 1100  810  750  940 1210 1510 1740
636A Beih  197512032 1870 1930 2030 2270 2610 3030 3530 4130 4670 4970 5040 4870
636A Beih  197512041 4460 3870 3210 2590 1990 1430  960  680  640  820 1090 1380
636A Beih  197512042 1600 1770 1890 2080 2360 2740 3220 3770 4350 4840 5090 5090
636A Beih  197512051 4850 4390 3790 3170 2570 2010 1480 1030  770  750  910 1180
636A Beih  197512052 1440 1650 1780 1910 2110 2420 2800 3260 3820 4350 4750 4910
636A Beih  197512061 4840 4550 4070 3470 2870 2310 1760 1280  990  740  790  980
636A Beih  197512062 1250 1490 1690 1830 1960 2180 2500 2900 3390 3910 4390 4730
636A Beih  197512071 4840 4760 4430 3910 3360 2790 2250 1770 1330 1030  910  970
636A Beih  197512072 1190 1440 1670 1840 1980 2130 2330 2630 3030 3480 3950 4350
636A Beih  197512081 4600 4650 4490 4170 3690 3170 2630 2170 1760 1430 1200 1140
636A Beih  197512082 1230 1400 1600 1770 1880 1890 1930 2060 2280 2580 2940 3300
636A Beih  197512091 3580 3820 3840 3690 3340 2980 2460 2010 1580 1270 1000  940
636A Beih  197512092 1070 1280 1450 1650 1850 2000 2120 2230 2400 2620 2860 3190
636A Beih  197512101 3480 3770 3840 3760 3470 3160 2790 2340 1930 1550 1330 1260
636A Beih  197512102 1300 1360 1550 1760 1920 2020 2080 2180 2260 2320 2440 2660
636A Beih  197512111 2880 3080 3220 3290 3230 3100 2820 2450 2160 1870 1600 1530
636A Beih  197512112 1590 1760 1960 2160 2330 2480 2530 2540 2560 2550 2490 2470
636A Beih  197512121 2560 2680 2770 2870 2870 2760 2610 2450 2220 2000 1780 1700
636A Beih  197512122 1740 1900 2110 2350 2590 2760 2870 2940 2940 2850 2700 2540
636A Beih  197512131 2360 2250 2230 2240 2230 2190 2120 2010 1860 1720 1550 1470
636A Beih  197512132 1490 1570 1730 2000 2320 2580 2700 2780 2840 2707 2504 2267
636A Beih  197512141 2052 1910 1760 1670 1580 1730 1840 1900 1890 1890 1880 1890
636A Beih  197512142 1920 1970 2150 2430 2730 2990 3210 3370 3410 3234 2944 2572
636A Beih  197512151 2170 1840 1550 1340 1260 1290 1430 1560 1660 1770 1860 1920
636A Beih  197512152 2030 2190 2390 2680 3060 3450 3750 3920 3990 3940 3700 3250
636A Beih  197512161 2780 2300 1890 1550 1340 1270 1300 1390 1510 1670 1800 1890
636A Beih  197512162 2000 2140 2320 2550 2890 3290 3700 4010 4160 4160 4030 3680
636A Beih  197512171 3150 2570 2080 1650 1310 1110 1040 1100 1270 1440 1630 1810
636A Beih  197512172 1950 2060 2240 2540 2900 3300 3740 4140 4420 4520 4440 4180
636A Beih  197512181 3710 3120 2530 2030 1590 1230 1040 1010 1120 1310 1500 1710
636A Beih  197512182 1890 2030 2160 2430 2760 3180 3630 4080 4440 4610 4590 4410
636A Beih  197512191 4020 3460 2840 2250 1740 1310 1020  890  910 1070 1260 1470
636A Beih  197512192 1660 1790 1910 2150 2450 2830 3290 3810 4270 4570 4700 4610
636A Beih  197512201 4340 3810 3230 2630 2040 1550 1090  790  730  810 1010 1230
636A Beih  197512202 1450 1610 1680 1820 2080 2390 2790 3280 3730 4120 4390 4470
636A Beih  197512211 4260 3940 3420 2800 2210 1660 1210  810  600  610  780 1030
636A Beih  197512212 1260 1460 1620 1750 1940 2260 2660 3120 3630 4140 4560 4770
636A Beih  197512221 4780 4540 4100 3530 2930 2360 1840 1400 1040  880  900 1080
636A Beih  197512222 1340 1540 1700 1800 1900 2080 2350 2680 3080 3580 4020 4370
636A Beih  197512231 4550 4550 4320 3840 3300 2730 2180 1740 1360 1110 1020 1110
636A Beih  197512232 1320 1570 1760 1880 1940 1980 2100 2310 2590 2990 3410 3810
636A Beih  197512241 4110 4250 4230 3990 3550 3020 2490 2010 1660 1410 1300 1360
636A Beih  197512242 1530 1810 2050 2210 2300 2290 2270 2360 2520 2730 3020 3350
636A Beih  197512251 3670 3910 4000 3950 3710 3330 2850 2390 2010 1730 1570 1610
636A Beih  197512252 1750 1980 2240 2470 2590 2610 2540 2450 2400 2420 2520 2700
636A Beih  197512261 2980 3210 3390 3470 3420 3210 2900 2530 2150 1870 1660 1640
636A Beih  197512262 1820 2130 2460 2750 2960 3030 2960 2830 2690 2510 2300 2170
636A Beih  197512271 2210 2390 2570 2700 2790 2720 2520 2240 1970 1720 1510 1480
636A Beih  197512272 1630 1930 2280 2650 2950 3120 3120 2940 2730 2520 2150 1860
636A Beih  197512281 1650 1560 1560 1650 1840 2010 2030 1900 1780 1670 1670 1770
636A Beih  197512282 1930 2210 2560 3010 3450 3790 3980 4000 3880 3570 3140 2630
636A Beih  197512291 2210 1880 1640 1530 1540 1600 1680 1790 1880 1950 1990 2040
636A Beih  197512292 2170 2410 2730 3160 3620 4060 4380 4490 4430 4180 3740 3190
636A Beih  197512301 2640 2170 1750 1380 1150 1060 1080 1190 1410 1570 1710 1790
636A Beih  197512302 1930 2190 2480 2860 3350 3850 4290 4560 4660 4550 4230 3710
636A Beih  197512311 3130 2600 2070 1610 1190  910  820  860 1040 1280 1480 1640
636A Beih  197512312 1760 1930 2200 2560 3010 3510 4040 4500 4760 4800 4630 4250
